1
160.5308,59.3155,50.5015,172.4365
163.9051,59.8696,56.1909,169.9193
161.1513,59.2021,59.6358,169.4676
160.5079,54.2387,63.8358,169.7765
160.1146,56.5789,66.3548,169.9408
160.8353,56.3314,66.4832,168.8039
160.3850,57.9138,66.1184,168.1914
159.5726,57.2160,62.1863,169.3835
160.6612,56.6817,61.0821,170.4757
156.4044,55.8524,58.0226,171.0229
157.6411,54.2462,55.0644,172.3204
153.9988,55.4060,54.9346,171.8256
155.3878,55.2949,54.3622,170.4332
151.8941,55.7026,54.1187,168.2911
152.4687,58.1191,54.1958,166.8622
147.2706,56.5361,52.4841,165.9469
147.4028,54.8114,50.6209,166.6061
145.7919,52.4650,50.4672,167.6982
145.3414,52.5098,51.5228,168.7997
144.6325,53.8044,52.9036,167.6376
144.4752,53.9156,54.3491,167.0209
145.7382,58.4683,55.4366,163.8758
147.2229,60.1983,57.6305,160.8318
145.7168,58.5100,59.2396,160.2746
146.4411,59.0154,60.4274,159.4225
146.2572,61.9991,60.3015,158.1272
146.7734,60.9172,60.4338,157.3840
142.7666,64.9552,56.1553,157.0028
144.3604,63.9329,54.0487,155.8275
144.0143,64.2798,51.5587,155.4132
144.5476,64.4713,50.2342,156.2879
144.1311,63.8507,50.8701,154.9573
143.7627,65.0143,50.8500,154.1696
140.3439,65.4099,53.0384,152.7738
140.3459,66.3864,54.0342,151.5845
136.2020,67.5704,56.1714,149.6212
135.0722,67.1215,57.8114,147.9298
130.5223,68.4296,59.6234,146.9822
129.8299,68.7206,61.2580,146.0235
128.6786,69.4746,61.6762,145.7594
128.2186,69.2589,62.1504,145.5552
130.2799,67.0241,63.5356,146.8701
128.4803,67.6534,64.2402,147.0645
130.7061,71.1580,62.0881,147.2221
130.9214,70.7356,61.3316,146.6303
130.9975,73.1755,59.5981,146.3136
131.9730,70.8410,59.0526,147.0012
136.8647,70.8513,57.1406,146.9613
137.0407,72.5346,56.9440,145.8738
139.9567,73.6884,56.5362,145.0974
141.9723,73.6371,56.4459,144.6176
143.3244,72.3812,58.9502,143.1779
142.2165,71.5292,60.2657,143.0625
143.6933,71.8223,64.2798,142.1018
142.2719,72.7614,66.8386,143.4051
146.8944,71.0151,70.2370,145.4851
146.7821,70.0013,72.1348,147.9537
147.2260,65.9751,75.0737,149.9800
147.1219,67.0014,77.1258,149.4745
148.3205,66.4545,81.6730,148.6750
146.8846,68.4449,84.7760,147.3225
149.2340,67.9074,88.2747,148.3167
149.8730,67.7000,89.5732,149.2800
149.6875,67.2971,91.3725,149.4087
149.1455,66.5981,92.3037,149.8265
148.7464,67.2431,95.6423,148.9509
147.9184,68.0118,97.8581,148.3549
153.9778,68.0729,96.2626,152.0107
157.4321,67.3946,94.3882,154.2601
157.8214,68.3555,95.8763,154.9474
159.0076,68.0522,95.4028,156.3775
167.2760,66.4370,93.9392,158.9081
169.5337,67.9381,93.0041,159.3418
177.2644,68.1748,88.3862,161.6266
179.2330,67.1435,86.1974,162.7406
192.0578,67.8709,80.3802,165.8068
194.0526,65.3315,77.3983,168.6971
204.3962,65.4255,75.4451,169.6759
204.9885,64.4461,74.5955,169.6030
212.1780,63.6065,74.2362,170.9671
213.6247,61.4321,74.7211,171.1410
216.7479,60.1528,76.8146,169.7487
217.6259,57.5486,75.9155,171.9161
217.1843,53.9936,72.3652,176.5332
217.6462,56.4344,69.4131,177.1256
216.9783,53.2612,66.7029,177.7178
217.2532,51.2615,65.4571,177.9761
219.8454,53.0191,67.2210,175.0786
222.6312,52.5975,70.0844,171.9673
217.9531,53.8937,69.9643,171.4023
217.6563,56.0688,70.3292,170.3726
213.1200,60.1537,71.3796,165.8030
212.0476,60.3920,70.5543,164.7629
209.6949,67.4312,73.2646,158.5155
210.5903,68.7289,77.3652,153.4866
202.6980,75.4226,79.3064,149.7197
199.2915,76.3439,80.5243,147.2790
183.4496,83.3588,88.8373,143.3398
175.4838,84.2321,95.0515,140.8416
163.6478,90.9539,103.9501,135.4984
160.6685,93.4709,108.4062,133.0194
156.7412,96.8021,114.0742,128.7371
153.2623,103.2784,119.2054,122.6682
151.8771,107.1486,121.9123,119.3037
156.0769,105.3798,124.3262,118.4324
158.0499,102.7030,125.7695,117.2252
157.6414,104.0668,124.0584,117.2716
160.0247,105.0683,119.5698,117.9297
164.5389,100.8305,114.3108,120.4774
169.5116,101.5735,109.3552,121.3143
172.3070,99.1781,107.2262,123.0915
173.7413,96.5684,106.0162,124.5837
181.5387,93.5999,101.8994,127.5719
190.0410,88.0987,96.9601,130.8414
203.4891,88.2776,92.0700,133.8411
209.7513,86.3977,90.5595,134.4248
206.7613,87.4189,90.1549,134.2827
206.1828,90.1595,90.6270,131.6756
200.8100,86.6181,89.9952,129.9792
190.7898,82.9035,88.6270,132.6100
181.5833,75.7838,83.9445,137.5916
168.2345,67.0726,81.4799,139.6146
153.3301,56.0276,83.5651,139.7802
152.9363,47.6448,78.9529,144.4787
151.6707,32.1921,77.5890,146.3255
151.6374,27.1181,78.6045,144.1421
152.1547,24.5526,78.2621,141.1524
149.0600,24.1616,78.2371,140.5717
142.4737,21.4230,79.4374,140.3971
140.7993,23.4196,79.4473,139.3636
136.9092,17.9858,80.2184,140.5230
143.3875,13.2897,76.5360,142.0057
142.7531,16.6786,72.7289,142.5262
147.3632,22.6639,70.3311,139.8878
150.5685,21.3872,67.5845,139.9641
156.7199,21.3885,65.1149,143.2086
166.5945,25.4699,59.7696,150.1591
172.7948,34.8601,57.8107,153.8346
177.5870,46.3721,60.2031,153.2691
185.6863,56.3099,60.1009,150.9808
193.3846,69.9820,60.7889,146.6177
199.1781,73.3600,62.1340,143.6497
206.8134,72.9101,61.1978,144.4188
213.2887,76.4624,60.6931,141.1260
221.6693,84.9609,60.6021,136.2764
226.3732,83.5972,63.5677,133.0868
229.8536,83.6612,64.2366,132.2038
232.0061,84.7545,64.9915,130.1691
233.2194,85.3252,64.7925,126.5153
239.3611,85.8229,66.0930,124.0471
244.5629,88.8482,70.4157,120.0396
243.6748,87.0587,74.3567,118.6543
246.3757,88.8620,78.4839,117.4212
245.1528,85.2222,79.2374,118.8309
243.4345,85.7341,79.6059,120.4210
240.8214,83.9153,78.3096,122.9470
245.1063,83.5786,79.0682,124.8094
241.5657,83.6033,76.3203,127.6417
237.3124,84.6314,72.5078,129.0139
237.3830,83.0645,69.6970,130.0431
234.3630,82.5187,71.1435,128.8663
232.7156,82.5383,73.1879,128.8603
228.7329,82.0071,75.5940,129.0186
227.2338,79.4096,76.4579,130.9935
224.3589,75.8927,76.4583,135.4030
212.5407,72.9781,76.5389,139.9789
199.5089,72.2760,78.4808,141.7835
193.4120,67.9350,79.9959,143.9428
187.4192,69.0728,80.9646,145.7452
181.2167,64.8810,83.4236,147.8717
175.5297,64.2707,83.8219,151.0497
176.9836,61.0176,80.3848,155.5214
176.7875,57.6060,77.8206,158.2296
177.4257,54.8666,76.9744,161.6423
177.6516,58.4194,74.9880,163.1797
173.8485,62.5522,74.7553,162.7433
171.9309,65.3682,78.1667,158.8595
169.4472,67.1564,79.9588,157.1660
166.2523,72.6477,81.8660,155.6139
164.3739,75.7840,82.4958,153.3649
165.2424,77.7401,81.7415,152.1078
162.7199,81.5168,83.4597,150.6269
158.6626,86.1276,89.8227,145.7258
152.6458,91.2192,93.8749,141.7213
146.6570,93.4407,97.3461,139.6520
139.9430,96.5127,101.8552,137.2045
137.4035,99.6068,106.4605,134.9602
136.5468,100.1678,109.3141,133.3843
137.3341,101.4061,109.8183,132.1243
138.8240,103.6328,112.1902,129.6605
142.2142,104.5577,114.6864,127.3650
148.0824,104.3666,114.7985,126.2884
156.0410,104.2728,111.7798,126.1277
166.2012,101.9696,106.6077,127.0586
172.1802,98.3475,101.4360,129.2020
175.0852,95.3417,98.9480,130.8774
175.4321,92.9378,98.1794,132.2577
174.0708,91.9665,96.5593,133.4461
173.9570,93.2609,96.6395,133.2282
172.6698,93.5449,97.0470,133.6332
172.5833,92.7310,96.9703,134.6343
172.5842,93.4833,96.7182,135.9692
173.5077,92.9286,98.8264,136.3018
173.5100,92.0431,103.3055,136.6155
172.4934,91.9226,108.3030,137.7359
171.3572,89.8350,113.2916,138.1459
168.2574,89.8277,118.5294,139.9770
169.0482,87.2258,124.2735,141.9729
170.8092,85.7670,128.3690,143.8479
174.0690,85.0859,131.8390,146.1161
172.3245,80.2415,134.1767,147.9184
175.3903,79.1059,136.6222,149.6351
175.4480,80.0423,135.1790,150.8852
176.7503,78.2005,133.9152,152.2731
183.3743,75.3097,131.4365,153.7129
190.9018,71.6229,125.8192,154.5119
192.2873,69.4651,121.4119,155.1209
198.9504,65.3882,112.5400,157.8989
200.2628,61.1616,106.8854,161.6267
200.5070,60.6838,102.1086,163.9058
201.4879,56.1239,98.2528,165.5903
197.3844,50.8633,95.9358,168.4904
196.1203,54.0822,92.7344,168.8968
195.6694,49.2160,89.9965,169.6982
199.3212,54.6136,87.7082,167.9855
205.5061,55.7994,84.4510,167.9494
210.1865,55.8901,82.2227,167.0237
219.0064,57.7058,79.4103,164.6730
222.9403,64.6111,83.3017,156.6637
225.3239,66.2371,85.6757,152.3842
224.2043,70.6579,89.5047,145.0955
222.3822,72.8994,91.6806,143.1338
218.8606,74.4993,91.2055,143.3198
215.7785,74.7415,90.2197,142.9191
218.0560,76.3157,88.9163,143.0672
215.9988,76.7552,91.4792,141.2816
216.9996,81.1561,98.5709,136.2912
218.0921,83.8132,103.3945,133.5300
217.0547,86.0130,106.4325,133.1913
213.9041,87.6068,105.3624,134.4274
208.6131,89.2020,106.4530,134.9390
210.6560,88.9519,105.6713,135.2458
214.6722,89.1279,102.2783,135.6539
213.9518,91.9474,101.6410,135.9888
213.3482,91.8615,101.0606,136.9613
212.1668,90.8542,100.0569,138.0451
211.0355,89.4293,101.9861,139.5919
209.5653,88.7061,102.1821,141.2948
209.6846,89.3097,101.6628,141.9819
206.3750,87.9513,103.6443,142.8896
204.6232,86.2343,101.8483,144.5511
201.0923,83.5707,100.6608,145.3849
200.8498,83.7727,99.5309,145.7728
200.0096,81.7273,99.1131,146.7094
197.7296,81.4940,96.2481,147.3682
196.8957,80.7131,95.9217,146.1968
196.5011,81.2897,94.6066,146.3091
195.5094,81.7406,94.7793,146.7544
196.0087,74.7164,92.5859,149.4578
197.4650,75.4372,91.4420,151.5317
196.9028,73.3069,92.2324,152.7322
191.9025,71.2802,98.1209,151.0749
185.3205,67.8471,95.1260,153.0963
182.1738,63.8304,93.4454,154.6815
184.1640,62.0962,87.1884,160.5070
185.0963,60.4203,84.0137,163.1233
184.3964,59.5193,80.8852,165.5861
186.8819,56.8746,78.1057,167.3290
188.2265,56.6051,77.1109,166.7164
190.2252,57.9326,76.8320,167.4509
191.6703,63.0541,79.0237,165.4941
194.3361,64.5178,78.8173,164.8919
194.5896,66.5262,74.6212,164.5828
194.4213,66.6836,71.3586,163.7613
194.8944,67.8825,68.0847,163.1295
193.9939,71.5812,67.8452,161.3468
194.0019,76.8424,69.1285,157.0505
193.5098,80.2420,69.7884,153.0318
195.3564,82.7072,71.1338,149.0752
194.7012,81.7620,76.4073,145.3070
197.8986,84.1037,80.4915,142.9729
193.9087,88.3251,78.8241,141.3861
196.0287,85.3861,77.1704,142.1044
193.0422,86.3847,75.6187,142.6463
198.1949,85.5036,74.0939,144.5191
199.0667,84.8914,74.3560,144.9023
197.4612,88.1534,77.1651,144.2458
200.0797,85.6116,81.1817,144.4008
198.7142,88.9429,87.1532,141.8560
196.7022,87.1877,90.2236,140.7936
198.1707,85.8508,91.5138,140.5525
198.8358,88.2375,91.7709,138.9623
197.1630,87.5415,93.3774,138.0672
197.9752,85.6457,93.8021,139.2162
201.4074,83.3979,93.0296,141.1335
202.0978,82.0791,92.7607,143.3360
204.9860,79.3177,91.6057,146.1297
202.7461,79.8730,90.3621,148.0052
200.3764,73.5758,87.8757,152.5744
200.1109,71.3980,86.7112,155.8836
199.3269,70.7873,86.6701,157.3438
201.9278,66.8839,83.6296,161.2479
200.6208,64.0638,81.8375,164.6942
203.7604,58.7242,79.0950,168.3380
207.8312,58.3713,75.3379,169.6771
204.4171,57.4471,74.6076,169.9681
204.0412,55.4360,73.6580,171.8363
203.7645,53.3443,73.6374,173.6978
202.0589,54.1704,72.6982,173.2321
198.1026,53.4885,74.9996,173.0388
196.7777,50.8866,77.7850,173.6486
196.7698,50.7968,78.3160,173.0180
196.0503,51.6141,80.3400,170.5778
194.5647,52.7286,83.7396,167.6648
194.7829,52.4267,84.5710,168.4307
195.5965,52.0939,83.8187,170.0216
195.8100,55.3894,82.3326,169.6074
197.5231,55.5913,82.1098,170.0572
196.8826,54.8743,82.7786,170.4043
199.7043,57.5220,82.0899,170.4059
199.6214,58.2512,83.2363,169.9926
199.9632,56.8207,84.2450,170.3919
199.6699,59.5948,84.9684,170.4076
197.5110,62.9761,84.5992,169.6467
203.5574,63.0462,81.0920,169.9828
203.3486,62.7504,80.8188,170.9700
201.6870,65.0756,80.7555,170.9832
201.1266,65.5113,80.1361,171.1657
199.6169,66.0617,81.3233,169.6252
200.4402,69.6395,84.0857,167.5994
198.6561,69.8265,90.2966,164.2559
196.0901,71.6158,91.0665,164.3237
192.8513,72.5104,90.3360,162.6469
193.6478,74.0610,91.7917,160.6471
192.7206,75.9361,92.7782,160.4272
189.4160,75.9934,92.5760,160.5777
190.4688,75.1122,92.1619,160.9329
191.2429,74.3626,89.5897,162.8494
195.4883,72.8910,87.5881,165.3164
199.9067,70.4456,86.0353,168.5131
204.6006,68.0086,85.9587,171.8204
209.4696,61.7635,86.7780,176.6913
212.8365,66.2324,88.2137,175.7356
216.7449,66.1958,90.0835,173.8430
221.5911,64.2216,91.2477,174.4729
225.9861,60.6348,91.5884,177.1081
228.1437,51.2607,91.4957,183.5030
231.3914,54.8489,92.5476,183.9712
231.4583,55.3114,92.9051,184.5966
235.9984,54.0032,91.3766,186.9910
238.8223,56.2817,90.6518,186.8248
241.1450,52.7926,89.4616,186.5633
241.4906,51.7317,87.0296,188.7023
245.0845,52.0803,85.0509,191.6527
250.8991,51.4176,83.5145,191.9620
254.8054,46.6881,82.7959,193.8201
255.2962,43.3935,83.4872,195.5853
261.7135,39.4326,87.6399,196.8264
263.0125,35.3437,90.9477,199.2718
266.7296,32.6242,91.5803,203.4544
268.2092,29.5156,93.7771,204.6759
267.3610,28.4832,95.0986,206.1651
265.7497,29.8700,95.9992,205.2811
260.2383,31.1021,94.3662,209.9217
257.8522,27.9634,92.7752,214.1431
251.8398,28.3750,88.0406,219.0621
250.5091,26.0935,87.5533,219.7699
244.5243,27.4620,85.7708,220.2603
237.5013,33.1076,84.3547,216.7299
230.2317,35.9113,83.8684,212.6304
222.5855,38.8349,85.8448,207.8148
214.1263,37.7309,92.5842,203.4346
205.8440,40.5009,98.5248,198.7824
194.1038,45.0095,102.3578,194.8646
182.4333,47.0712,105.8421,191.3236
170.3923,48.7042,108.4867,188.7094
159.2085,48.3812,111.7345,185.6113
152.4646,48.9510,116.6440,182.0062
147.5452,50.1348,121.8160,178.9567
145.4258,50.5333,122.9538,178.7551
143.5778,50.2219,122.8673,177.9809
146.3560,52.5429,119.3496,179.5742
146.4464,55.4340,117.9003,177.8585
139.6526,56.7150,120.2597,173.3397
135.9402,56.5947,120.6885,172.2535
132.8104,56.9000,126.9121,167.6202
130.6843,56.3988,129.4753,167.0902
125.7851,54.3664,133.8502,165.7241
118.0574,62.1811,138.7881,162.4296
114.8264,63.6667,147.9877,157.6976
110.8910,68.1136,153.8054,154.1991
104.6014,70.2447,153.6575,151.4988
103.9010,67.8482,148.6250,152.9321
113.0823,62.1408,137.9093,158.7758
123.4217,56.4118,123.9835,167.8654
131.1533,56.1267,115.7241,170.6377
131.4823,60.9444,109.9643,168.3941
137.4548,60.6472,102.4817,169.1973
141.7667,60.4521,97.0785,170.8841
139.6823,58.9520,96.6183,169.0782
141.9305,59.9329,93.6354,169.1448
145.8634,57.2058,93.1847,165.7897
148.5715,57.7630,89.0167,169.2066
146.9506,56.2397,87.4042,171.0090
144.1294,54.2747,90.3547,171.0985
142.2810,49.4101,95.8774,170.9766
139.1775,50.1898,101.1174,169.2826
136.7828,49.6110,102.2803,170.5919
139.8298,48.3013,104.1618,171.1061
137.4671,44.0217,103.2031,172.8857
139.0224,45.6918,101.0804,178.2814
141.4236,44.2213,98.6565,182.1143
140.0121,39.9166,98.0899,185.0316
141.7135,40.5528,95.7459,188.8861
145.7583,42.3378,93.8720,191.4615
148.4579,46.6301,89.6736,192.8087
151.8093,49.9890,85.9987,191.6814
151.5545,54.3151,82.7814,189.5874
150.8266,60.9891,80.4380,183.8263
152.4658,71.2034,82.5068,175.3125
152.1983,80.8082,83.2269,167.1816
152.7548,88.9698,85.0322,158.1351
151.0365,89.7822,86.9629,154.5791
149.1057,95.3663,88.8538,149.6135
147.5661,99.0525,92.6912,146.0433
146.7190,101.8715,95.3663,142.4184
145.1730,105.0290,97.0326,139.3373
141.2164,107.6827,100.6123,136.5366
138.7602,107.5903,101.7233,135.7434
137.3330,105.9797,101.7985,136.0780
135.1307,106.8262,101.0541,135.7762
136.3372,103.9030,97.7442,138.0078
137.4601,105.3446,94.0226,137.6138
145.0970,101.0645,86.5306,140.2014
148.8917,98.2518,79.4156,142.4164
153.3734,97.3541,72.0505,145.0595
160.0324,92.4202,67.9933,147.2376
162.4382,87.5725,66.8460,147.4480
164.3552,85.6301,65.8652,149.7901
165.7375,84.9481,67.6725,150.5685
169.7354,81.7613,71.4704,149.8504
179.3029,84.1435,72.9826,150.9037
186.3164,88.5052,74.6530,149.4860
182.6488,90.6325,76.2259,147.2972
181.8146,91.9068,78.4281,144.2497
182.5937,92.7021,82.3509,140.6467
182.2484,92.0460,84.8510,139.7607
183.4400,93.4647,85.2523,138.4482
187.8980,92.9149,81.5923,138.7027
192.0830,93.8392,77.5911,137.6750
196.8885,93.6313,70.9340,136.9417
202.3304,92.2802,66.0477,137.3909
210.8157,94.0124,64.6281,135.4173
214.9634,93.9547,63.4676,134.8924
217.1942,94.1618,60.0550,133.8386
218.3336,92.3747,58.6109,134.3973
223.7493,90.4103,57.7651,135.8190
230.0484,87.7836,58.7329,137.6967
229.9754,85.6999,64.0505,138.5326
228.2550,85.4611,68.4925,137.7447
230.1779,82.8154,71.3361,138.2307
230.5182,79.5624,71.7274,138.8982
229.0471,77.0033,71.5649,141.0951
224.6018,74.8828,70.4096,142.9301
227.0053,75.5688,65.8103,144.7641
223.3081,74.7126,62.5123,145.4946
218.9358,73.7131,59.9440,145.2326
213.6954,73.5220,59.5748,143.7575
210.6754,74.6328,58.7649,143.1153
208.2466,77.0786,57.0171,141.7272
204.6983,81.4884,56.5268,138.5880
201.2292,85.4874,55.7859,134.1872
198.2901,88.1424,54.8611,130.8568
196.6271,91.5407,54.4222,126.4290
196.9070,94.5990,54.3870,123.0424
198.5083,98.1647,55.5405,118.8101
196.9913,101.1833,56.5303,114.5243
195.0856,103.5762,55.8470,112.3198
194.5294,105.2155,55.4439,109.3732
191.6515,107.9765,57.5710,106.5982
193.1725,106.6133,59.2079,105.5004
192.8895,109.4395,62.6989,103.2073
194.5375,109.0451,65.6995,102.1948
194.3158,108.6433,68.5577,101.9856
191.3092,108.1043,69.9738,102.0790
188.3870,107.8145,68.3354,102.1344
183.8751,108.1550,66.4098,102.4598
183.1423,110.1270,64.2505,101.7568
183.5909,111.2359,62.6231,100.7686
185.8514,111.0880,59.7891,100.6347
184.2854,110.3403,58.5376,100.5629
185.3356,110.0289,57.7405,101.5144
185.8043,109.4249,55.9766,103.4316
185.3018,108.2732,55.0478,104.6306
185.5103,106.5130,54.8390,105.8680
186.3887,108.5429,54.2572,105.6495
184.7420,107.8248,53.2805,106.1340
184.5540,108.8501,55.9138,104.2989
184.9256,111.3288,64.2821,100.7981
182.6864,113.5780,66.0072,100.4816
185.0454,115.8413,64.1991,100.6640
185.8190,119.0510,65.5595,99.1822
182.6003,120.1347,69.2170,97.4498
188.1022,120.7701,70.9754,96.7940
192.5033,119.8427,73.4017,97.0110
196.4761,120.7096,74.5182,97.3056
201.0403,120.1732,75.3422,97.9757
201.2361,120.2047,75.9749,98.8334
199.6457,117.8643,77.5446,100.7443
198.8097,115.8293,77.4837,102.7112
197.0147,113.7124,77.0538,104.4464
193.2765,108.6004,74.8503,107.1486
190.2095,105.6907,71.8550,110.2956
187.5166,100.6205,67.6484,114.4233
186.6179,94.6671,65.7635,117.9488
187.1302,88.9011,62.5728,121.8215
187.9303,84.8747,59.1650,125.5782
187.0173,79.9831,57.2674,130.2404
185.7105,79.2961,55.5721,133.6487
184.1202,77.5842,55.4025,135.8716
185.8712,69.2115,53.0527,142.4211
188.4459,67.0617,50.8449,145.8875
190.2649,69.1403,51.6678,146.4181
190.0640,71.0913,53.0954,144.8305
188.5626,72.1284,54.7280,142.7413
193.3785,74.5990,54.9346,140.5166
196.6977,73.6857,57.4529,137.4670
197.2272,75.5603,58.4884,135.4549
198.3689,74.1415,60.7213,134.4403
198.3867,80.3375,65.6104,130.1902
200.5499,79.3056,71.4191,127.9720
200.1094,82.6266,79.1924,123.8289
200.9209,80.2592,86.3308,123.4771
204.3750,83.7337,89.5000,121.2569
207.0629,83.4406,92.7959,120.5801
210.3536,80.8832,95.9662,121.0549
217.5303,81.5354,98.8401,121.2572
223.8667,79.7291,100.9179,122.6954
230.2102,76.2365,99.9696,124.8409
235.3250,73.3187,98.1989,126.5279
238.4774,71.5286,96.4153,128.0939
239.2348,69.9568,95.7905,129.1249
247.9419,69.8397,91.2176,130.7190
251.1205,66.9743,87.2852,132.6881
256.3340,67.2366,83.6851,133.8827
257.7926,65.2119,80.6716,134.5358
259.1257,65.4724,78.7878,133.4381
259.1806,63.8782,76.7289,132.2113
262.3347,66.1467,75.0151,130.2914
264.5533,65.6192,74.1445,130.1905
266.5585,64.7462,74.7259,129.8117
267.8828,62.8288,75.5036,131.5629
271.4183,61.1181,76.9595,134.4306
273.0347,56.5076,76.3072,141.7251
270.1153,50.2518,77.6088,147.9587
267.8046,44.8597,77.4863,152.4894
267.1904,40.8014,75.7122,158.9107
264.8889,36.4613,73.4772,165.5590
263.4480,31.6551,71.8048,172.0193
261.7229,29.4384,69.4055,176.3505
259.2416,29.0221,67.4895,181.0395
255.9593,28.4392,67.5721,184.7870
252.1773,29.8376,68.9761,187.1962
250.6403,34.9863,70.0997,187.9549
244.3451,33.9025,75.4546,187.8864
239.7966,33.5148,82.5200,186.3435
234.3622,39.0011,90.7643,182.5384
235.0854,48.0996,96.7209,179.3119
229.1099,51.8574,107.1340,175.4680
222.7344,52.9041,117.4570,174.4928
215.4002,56.0009,128.8530,174.3580
206.7907,58.2471,138.4389,178.1671
199.1550,52.9670,144.2273,185.8668
195.7747,52.7483,148.5989,194.8780
188.7334,45.3504,144.8060,206.1423
178.7667,38.6326,139.3461,217.0000
172.8352,28.8765,135.1901,227.1843
165.5380,22.3604,132.4795,236.7345
156.9065,13.8067,128.1777,245.1464
144.6591,7.9024,127.3677,252.0833
133.1628,1.4582,131.0326,254.6364
119.2684,3.6504,128.8561,255.3483
104.0894,2.8422,121.3978,259.6594
92.3082,5.9616,114.6096,260.7021
88.2292,5.3181,112.5604,261.1035
81.8105,1.7641,113.6097,256.5856
75.2382,3.7905,116.4903,249.8645
69.8421,11.0559,121.4525,240.4372
61.7098,14.4450,120.4696,238.7289
60.7495,26.7287,118.6912,235.9120
60.1427,35.7034,117.2200,230.9988
58.2120,42.5341,114.2416,227.0459
56.6768,46.7970,113.7744,221.4477
58.0074,50.2736,116.2185,216.2066
52.6900,54.9432,119.4874,211.4230
48.6075,62.2102,123.3139,206.4229
42.8653,67.1571,127.9090,201.6960
38.8129,72.8399,130.1862,196.9322
41.0252,78.2639,128.4737,192.0787
49.1676,81.4960,129.7812,185.8059
49.5924,84.8023,127.4340,182.3832
58.0289,86.0084,125.0505,178.4642
60.3721,87.6561,120.9654,174.6655
56.1414,91.9517,121.1226,168.0204
57.6432,95.1156,120.4681,162.1996
56.9903,97.6195,121.2261,153.2021
56.7982,99.5532,122.1855,148.4849
61.6170,96.9090,120.7572,145.1104
63.4852,96.8940,119.0125,143.5430
73.5938,88.3828,115.1391,142.8988
78.4695,88.6455,112.3330,142.0500
90.5692,83.1165,106.8825,141.6555
88.3248,82.6136,104.4531,140.7041
93.1885,87.5132,98.3641,136.9433
97.8585,85.9891,93.2547,134.5972
92.8241,84.8532,93.4566,131.1941
91.9685,89.2973,93.4150,127.8743
90.5186,87.9075,95.1400,125.4846
89.3766,88.9399,96.1061,123.3432
89.4289,87.2723,97.7807,123.3896
89.0513,86.7757,98.7626,123.3395
90.5595,86.1960,99.4417,123.6721
89.9484,85.2673,100.7372,123.7970
95.9111,83.7577,100.9376,123.3966
95.3202,83.4730,101.5202,122.7747
103.3104,84.5363,95.9356,121.7736
103.9184,85.1292,94.2649,119.4541
110.1416,85.6959,91.0782,117.3956
112.2092,86.8072,87.7969,116.0813
109.5197,87.2188,86.1880,114.5290
111.9504,84.9802,86.3485,114.1332
113.0334,87.4616,85.3910,113.4755
114.3326,85.6026,85.9761,113.8451
116.5689,87.7807,84.8636,112.6361
115.8894,89.3892,83.9004,110.7282
129.5152,88.3281,78.9696,110.9709
133.8866,87.0447,73.6364,111.5140
140.0019,82.7774,71.2504,112.4314
139.1415,84.1320,70.1344,112.1962
137.2611,81.4435,74.3923,110.9353
134.6421,83.1922,77.0530,109.8476
135.1944,82.8646,76.0894,110.5089
136.0991,82.8102,75.2566,111.1923
145.0037,87.2790,75.7866,110.7393
144.9898,84.9563,74.8550,111.7270
148.7343,88.6133,76.4811,110.5806
148.1776,91.4420,77.5118,109.0476
145.4664,90.9011,82.0438,108.9353
144.0621,90.3283,85.4668,109.4640
141.7729,88.7418,91.7752,110.8007
140.0338,87.4977,95.3442,112.3714
140.4707,86.4172,101.2978,114.8221
138.5005,86.3650,105.4661,116.3684
139.2499,83.5905,107.0188,118.5871
138.4425,80.8760,108.8993,121.6388
142.0729,75.8685,106.2278,124.5825
142.9833,74.0617,104.4155,126.6491
145.7160,72.2894,98.8004,129.9398
148.3499,70.7160,94.4944,132.1002
155.3846,64.3713,86.0265,137.6377
