1
530.7435,76.4123,53.9514,32.8413
525.9103,78.1953,55.1380,32.7349
520.4891,79.1421,57.7459,32.7792
514.7977,81.6862,58.5311,33.3105
510.2420,84.3589,58.7787,34.4777
504.9924,85.0268,59.3105,34.0270
499.6554,86.4708,60.3488,34.7774
494.9405,87.5228,61.3405,35.3915
490.4087,88.5254,62.7714,35.9216
485.2726,89.5804,63.5861,36.1653
481.1905,91.0310,63.6777,36.9528
476.7122,94.3272,64.8465,36.9358
471.2251,94.7751,66.5148,37.3315
466.2065,96.2153,68.3490,37.8643
461.3213,97.4504,70.5739,38.5349
458.3820,97.6522,71.6139,39.5426
454.4381,100.3320,72.7365,40.8644
448.5702,102.2765,74.0741,41.8188
444.9880,103.8896,74.4383,42.5381
441.4088,105.2683,75.5896,44.0526
435.9322,107.6222,77.6425,44.7096
432.6661,109.2275,79.2573,45.2781
429.8170,112.1784,80.6773,45.7687
426.5843,114.4410,83.3918,46.8978
421.5704,117.2076,84.6838,47.9784
420.3261,119.9263,85.1697,49.1676
418.4613,121.3617,87.0220,50.9176
417.3033,122.9534,89.1997,51.8924
416.9618,125.5878,90.7481,52.7714
416.8762,128.8134,91.9932,52.4620
417.1416,129.6046,94.7902,53.4764
415.8009,134.2008,94.7505,54.7201
415.3987,135.6416,95.6769,55.8908
415.4641,136.5875,96.9888,55.3706
416.4170,138.7512,98.6238,55.5705
413.3170,143.6196,101.6277,57.7038
412.8690,146.0948,105.3060,59.9433
413.0833,149.1732,107.0891,62.0353
413.4645,151.2976,109.2630,63.3614
414.8744,154.6555,111.5538,65.2281
415.0083,156.2193,113.4227,64.4577
415.0552,161.5818,116.8194,63.2665
414.3775,165.7644,118.1610,64.8418
413.3182,168.0326,120.6338,65.9860
413.3262,172.3115,122.9076,66.4852
413.4519,175.2316,125.9718,67.5075
412.1507,179.0836,128.9874,68.4754
409.8600,182.1908,131.4272,70.4230
408.7983,186.2231,132.8496,71.7097
405.1214,188.7102,135.3489,73.2356
399.4455,192.4290,137.3272,74.2789
398.4756,194.7585,139.3836,75.2257
396.7805,197.1247,142.1408,76.4626
394.9551,201.0446,145.0117,77.5647
391.6493,205.3313,147.2637,78.2420
388.6068,208.6664,149.6777,79.1243
383.8085,211.9904,150.2557,79.7488
381.8242,214.5425,151.8071,80.5272
378.1649,218.3362,154.6375,80.2390
373.3721,221.1964,158.2318,81.1305
372.0064,223.0812,159.1842,81.2626
369.1075,225.8147,162.0905,81.4122
364.7668,225.2589,162.9334,82.8013
360.6031,228.9482,163.2535,84.3769
357.4652,234.0413,162.8592,84.5262
354.2525,240.5585,163.6565,85.2501
351.9069,243.2415,163.9859,85.0760
350.0732,246.1244,164.7545,85.0297
347.5670,242.4286,165.4302,86.0507
343.3856,248.5932,165.1055,87.1203
338.5738,248.5307,165.5075,86.3557
334.9092,249.9682,166.1390,85.7548
330.8202,251.1322,166.5205,85.1918
326.4576,250.9016,166.2619,85.0591
321.7129,250.7245,166.3404,84.9767
315.8809,250.1938,165.8130,85.4231
310.2112,250.0565,164.8480,85.6074
304.4357,250.2285,164.5721,85.4655
303.0032,251.7327,164.1095,86.5080
298.3096,246.9413,164.5866,86.0038
291.3655,247.9633,163.7111,86.3293
286.5385,244.7839,163.0479,86.7714
284.3477,246.1961,161.8807,88.7867
278.4181,244.4482,160.8479,88.6598
277.1194,244.2088,159.4627,89.1292
272.6175,243.2752,159.5932,89.6281
269.7094,241.9277,158.3693,89.8735
263.8179,240.0340,158.4955,89.7087
258.8935,239.0762,158.1324,89.2007
256.5379,236.7005,156.6974,88.1955
252.4137,235.8907,155.8632,86.6746
249.0733,236.0025,154.6515,85.5589
247.0675,234.2567,152.2195,85.0124
245.2248,234.1336,149.9807,84.3002
243.9198,231.1266,146.9489,83.5322
242.8043,230.1676,144.2355,82.3432
244.4491,228.3433,142.0066,81.3953
244.1311,226.2962,140.5041,80.6441
243.0482,225.2317,138.6376,79.6435
243.3957,223.3991,136.4438,79.6757
244.1775,221.1807,134.2722,79.1405
245.2216,219.6066,132.6639,78.3853
246.5243,217.8326,130.5143,77.3854
247.9534,216.5932,128.8261,75.7888
249.2342,216.9477,128.1133,74.0040
251.6602,213.4913,125.8590,73.2811
255.3484,212.8107,123.7845,72.1051
258.4011,210.4648,121.1451,71.1851
262.5039,209.5207,119.3520,69.9768
265.4435,207.7556,117.2186,68.8978
269.0760,204.4996,114.9426,68.4088
272.8194,203.9760,112.8503,66.6173
276.1827,202.7610,111.4947,65.1431
279.5770,201.3986,109.9158,63.7948
283.0327,199.5160,108.3198,62.5311
286.0515,197.7197,105.9204,61.3752
289.8168,197.3509,103.9392,60.6557
293.3607,195.9464,102.3114,59.6693
296.7109,195.2063,100.7242,58.7724
301.9837,194.0484,98.9876,57.7197
304.2216,194.3680,97.2276,56.6135
309.8376,192.4277,95.2900,56.0604
311.9353,192.1567,94.2370,55.2009
314.8705,189.9904,93.4688,54.3968
318.8418,188.6109,91.8839,53.6538
322.2008,188.0868,90.1971,52.4766
326.8482,186.5381,87.2548,52.1119
327.4090,186.0456,86.6932,51.3876
332.5363,184.7734,85.4736,51.0365
333.0472,184.2102,84.2869,50.4244
335.0213,184.5733,82.9078,49.3019
337.2511,184.1002,81.5576,48.7075
338.9761,184.4918,80.0144,47.8069
342.6530,183.3908,77.8949,47.4227
344.4400,181.9822,76.1358,46.5124
347.0370,182.1734,74.5882,45.7673
347.1348,181.9765,74.0494,44.9189
350.6737,183.0568,73.2247,44.0718
351.3155,182.1537,72.5443,43.3147
353.0967,181.5901,71.5081,43.0079
356.0833,181.1778,70.6700,42.4827
357.6534,181.7697,69.8779,41.9247
359.7133,180.4227,68.5330,41.7849
362.6407,179.2461,67.6059,41.8438
363.2321,179.0069,66.7994,41.3002
364.9928,178.9220,65.5187,41.1583
366.2515,177.4817,64.2120,41.2627
367.3008,177.3532,62.7303,40.9804
368.0371,176.3211,61.6187,40.4449
369.4344,175.5549,60.6114,39.9144
368.8384,174.4499,59.7204,39.4383
367.8432,172.7639,58.8219,39.0712
366.2061,170.7931,57.7990,39.0309
364.3891,169.4354,57.6064,38.4734
364.3484,168.3722,56.4944,37.8340
