1
185.6788,353.5773,53.6907,107.3797
194.0907,358.4719,52.0920,112.8011
201.0792,362.2249,50.1498,119.9378
205.3746,361.8369,50.9345,127.4415
215.6739,361.8963,52.0493,131.6968
222.8833,367.1983,58.2223,128.3037
233.1893,374.7106,62.1221,129.1026
242.1396,376.9144,60.1568,134.1967
263.4360,371.5510,54.3580,143.5659
272.3035,369.1956,55.2836,146.9847
282.1217,360.7183,59.5809,149.6495
305.7958,354.5564,66.0557,143.9230
318.5484,358.0544,70.3172,137.1442
330.9370,357.0064,72.8300,135.2700
346.7897,353.5684,75.6396,134.4890
362.9459,351.6693,75.2715,136.6027
386.9684,367.1931,73.4178,141.7016
401.5511,370.3780,73.5925,149.9454
415.4644,391.1760,78.3178,147.5473
417.8853,396.6567,92.0286,137.0714
432.7939,399.8565,112.0623,121.2754
437.7992,406.2801,119.5446,114.1797
443.2632,394.5075,116.1396,118.2336
450.7004,382.2935,109.7393,123.6254
459.7887,375.8835,108.4538,120.8865
490.3644,389.7918,109.0501,122.9596
503.4615,389.3299,102.4717,134.6506
508.2003,402.8997,101.3547,143.1804
504.0626,403.8474,100.1303,145.8746
499.2565,402.0450,99.5765,145.0788
487.7591,406.2979,100.9334,138.5412
484.8185,401.3018,100.8037,134.1865
491.5735,375.8393,107.3326,122.6880
469.1862,319.0162,102.0040,125.9033
521.8422,317.6252,106.3270,123.2607
2
0
0
0
0
1
582.9121,265.9210,236.4879,131.1660
560.1761,252.2363,243.4050,136.5685
512.8473,218.0223,255.8973,141.8908
515.0277,154.8448,242.5019,162.1537
540.7365,112.7294,215.1373,185.7132
584.0515,90.2740,179.4719,222.9991
623.3941,72.6656,150.3126,258.1439
660.3074,63.0756,148.4106,257.7993
677.8849,87.0425,167.5470,241.4725
672.8664,119.5315,189.2676,212.3351
652.7740,182.8116,217.8976,179.8333
501.8403,192.5405,238.6855,156.3623
491.2641,180.8872,223.1292,158.2967
495.8036,159.0029,209.4807,167.1968
524.2449,132.3517,194.8290,175.0989
543.6575,127.6612,176.6086,191.9869
576.9797,152.6173,158.3155,208.0046
567.4684,174.0059,167.7629,196.9511
562.1134,179.7740,187.1659,177.7043
542.8144,197.6378,219.2860,153.7272
502.6646,213.1972,251.2159,131.2396
489.6567,187.8716,246.4759,146.6571
513.5763,153.3495,229.4919,171.5830
562.7278,151.5683,202.0734,203.9561
596.4967,155.6555,173.8597,233.8210
652.1932,167.5091,159.1668,247.1899
681.3766,190.5882,168.5130,236.3464
679.3959,260.4463,182.3265,219.4517
657.1891,304.1927,197.8166,194.6249
732.5147,362.2014,182.4812,196.5853
738.4286,378.9959,166.9885,195.5962
717.0198,397.7974,161.9578,185.8143
719.2899,419.6380,152.4187,189.4429
660.9866,404.8607,154.9583,178.7593
682.5266,406.2740,153.0181,177.2637
726.0849,432.2859,137.2563,188.3174
740.3402,420.7444,128.9792,192.7238
751.5187,433.0649,122.3288,193.8860
742.8018,425.4189,116.0030,197.7705
712.5720,388.0628,122.4220,184.6354
722.9774,389.0930,117.7541,181.5942
729.5469,379.2474,116.5914,174.6706
719.2188,356.1903,113.6138,174.5326
724.2091,357.2885,105.6443,178.4118
704.7428,328.7872,103.1902,179.2018
700.7886,271.7098,105.0097,172.9129
701.3753,266.6665,106.0151,165.7659
715.3027,262.6629,105.8049,158.1665
736.1857,261.7568,101.0352,154.9695
732.9630,257.0706,101.7646,143.9957
736.4975,267.9992,93.1769,146.9381
752.6849,266.4329,89.8490,143.4416
752.1526,263.4913,90.9986,134.7690
761.5817,261.7744,87.2333,133.0670
767.6057,262.2555,85.5223,130.7525
762.7338,261.6283,83.5739,130.2512
759.3715,260.5686,82.7281,127.2339
747.2744,263.5545,81.9723,125.7252
769.8724,264.3483,80.8661,125.3414
780.6460,260.8307,78.3971,127.0797
755.9429,258.4433,78.7279,125.1837
767.9038,261.7868,79.4066,123.3078
759.7318,311.9700,77.7028,121.5830
762.8388,325.1663,76.5719,121.4522
715.2287,364.8967,76.2576,121.5823
710.0773,373.9008,72.1869,128.0450
2
0
0
0
0
1
765.7424,307.0643,71.1345,300.2689
761.4096,307.0173,77.4633,294.8599
756.7119,313.8902,82.7880,287.9447
751.3638,315.4704,87.6092,287.9920
