1
447.0130,340.8684,41.3170,34.2569
444.9451,341.6046,42.6660,32.7858
444.0444,340.9026,43.4591,31.6509
442.5850,341.4484,44.0469,31.2608
441.8661,341.0001,44.2160,30.9932
442.7698,340.4879,44.4776,31.0092
441.9510,340.1950,44.8887,31.6239
441.9948,339.4983,44.9946,32.1672
440.0044,340.1261,45.6066,32.2866
438.8646,339.1426,45.9935,32.3134
435.9611,338.4299,46.2875,32.4584
435.7597,338.7460,47.0006,32.3709
433.8415,338.5418,46.8685,32.6921
429.5785,336.7297,45.6948,32.0104
431.4483,332.8267,45.2699,31.2270
425.0992,333.2457,43.0471,32.3194
428.0033,333.0217,42.9110,30.3151
431.0401,332.3635,42.2262,28.8425
429.8745,325.9668,41.9114,28.4684
428.4586,330.4370,40.9534,30.5216
421.8735,333.3451,44.6401,31.2952
418.7678,332.1761,46.7868,32.2216
415.6039,330.6580,48.3836,32.8746
416.2647,329.3764,49.7376,33.6582
414.5343,328.3389,50.2689,34.3384
414.7826,325.4908,50.4958,35.3841
416.9831,324.2056,50.6882,35.7688
421.2025,322.1141,50.4352,36.0727
424.2381,320.8065,51.1450,36.2735
424.0468,320.4287,51.5572,36.3295
428.3852,319.8538,51.6684,36.8043
432.3846,319.5530,52.1075,37.5049
436.2716,317.9488,52.0925,37.8618
438.5404,316.9878,52.3059,38.2094
441.3840,316.1348,52.4511,38.5805
442.0547,315.7915,52.2325,38.6560
444.1759,315.0915,52.7770,38.7955
446.5145,315.0516,53.9905,38.7029
444.8683,318.5767,50.0180,37.0526
431.7678,308.8026,49.9111,37.7003
439.7403,318.8642,49.1384,37.0191
443.2090,318.0908,47.8142,36.4315
463.7524,304.0988,47.4798,34.9240
469.2749,305.4897,46.4397,35.6602
464.8825,306.9297,49.6104,36.4325
466.1510,302.1385,50.5362,38.2050
469.1548,298.7277,51.8474,39.2306
468.7704,299.5415,53.3443,39.4586
471.3101,294.3324,52.9986,40.4029
472.8212,290.3868,53.4417,40.9324
473.9974,286.6523,54.0138,41.2970
475.0611,282.5454,54.4329,42.0405
475.9458,276.7050,54.6099,42.8428
476.4348,278.2010,55.0363,42.6559
476.2024,271.8820,55.0709,43.3749
474.0462,266.1185,55.4727,43.7825
469.9175,261.2409,55.9270,43.8647
469.0003,256.0868,55.8351,44.4440
467.9751,252.9408,56.5180,44.1999
467.8804,252.5989,56.9845,43.4223
466.9987,248.6350,57.0984,43.6230
467.0961,243.9714,57.0013,44.5470
469.2457,239.2613,57.1351,44.4225
470.3179,236.5503,57.0553,44.9819
470.2648,231.7317,56.7597,45.3210
469.8557,232.4091,57.1473,44.6781
468.2484,228.1454,57.4350,44.6079
465.1093,225.7777,57.2542,45.5421
461.8063,222.6902,57.0794,45.4006
459.6669,220.9680,57.0749,45.6323
456.5963,217.8741,58.0245,46.7987
457.2824,216.2146,58.6606,47.4265
454.9773,214.5723,58.4628,48.5227
456.1471,212.2190,58.7609,48.9996
457.8881,212.9341,58.9955,48.5336
460.9460,212.5082,59.3568,48.6747
469.5597,212.8143,59.8687,48.9737
470.1593,213.2130,59.6013,48.8399
480.7049,212.7893,59.5204,49.6040
492.9505,213.0590,58.7834,51.0787
505.8966,215.0025,57.6618,53.0242
519.8932,218.1132,58.3893,54.1019
534.2059,222.0326,59.0639,54.3487
539.2654,222.9818,58.3791,54.4974
550.4744,228.0822,58.5162,54.1709
559.4060,233.6817,58.4094,54.3592
564.5286,241.3276,58.8259,54.0477
565.0469,248.5803,59.0742,53.6477
568.4424,255.4931,59.6641,52.8565
568.1391,256.8820,58.9057,51.8234
575.5991,262.3016,58.2990,53.2782
584.0601,267.7255,58.0370,55.0773
592.3945,273.3020,58.5060,55.8918
600.2659,279.1537,59.0953,55.8377
604.8417,284.9727,59.3557,55.7551
604.0482,287.6013,59.2634,54.5172
609.2466,291.5195,60.0266,54.8738
614.2835,296.3396,60.5238,54.5025
617.4625,301.9439,60.7208,54.0669
622.3690,304.4926,61.1794,54.7009
620.9342,301.3106,53.9413,58.1430
622.6760,300.6145,48.9829,60.0254
619.4343,285.7213,52.5978,56.2115
613.0836,290.1693,53.6774,54.4376
630.2231,305.3602,55.4351,52.7306
633.7480,313.6501,57.3811,54.6936
634.1516,317.1391,58.4504,54.2165
634.0447,315.6919,58.5581,53.9353
633.8089,316.8938,59.2900,53.5602
634.9460,316.3589,59.4529,53.2204
634.7771,319.4425,60.2595,52.7648
635.9456,317.3852,60.3211,51.9299
637.1457,319.3062,60.6625,51.3306
637.8538,318.3199,60.5721,51.2341
640.0020,318.6645,60.6608,50.6798
642.0620,318.1551,60.3390,50.5112
642.1342,317.9836,59.8643,50.8380
639.3126,317.0682,59.5715,50.1721
636.4020,315.6140,59.0713,49.2612
636.5131,316.4823,59.0289,48.7832
631.4236,313.3490,58.2668,46.5380
633.3700,313.6242,57.1452,44.7013
629.9652,317.1434,57.8736,46.1712
628.0041,318.6498,58.5819,46.8518
625.5182,318.1817,58.3600,46.3598
625.3645,317.9218,58.3951,46.0447
622.4132,304.7034,57.2331,45.9743
626.1096,306.9465,54.3948,45.9528
620.3278,311.7238,57.0941,45.0898
618.4280,317.6881,58.2385,45.7006
618.2760,318.8544,58.8539,45.6834
617.8440,318.0747,59.3350,45.8071
617.4899,318.3778,58.9899,46.4188
617.4540,319.1808,59.2058,46.7836
614.6832,319.0745,58.3865,47.4437
612.7129,320.2128,58.5485,47.2213
609.4030,319.6570,58.3355,47.8270
608.6424,318.3785,58.6986,48.1491
605.2158,318.7773,58.4952,48.4722
599.9861,317.7639,59.1457,48.8515
594.9090,318.5607,58.7097,48.2794
590.7333,317.8033,58.3886,48.5597
585.5330,317.9230,58.7353,48.3934
585.3838,317.5902,59.2192,48.5768
582.1089,317.4393,58.8993,48.7421
578.1214,318.6276,58.5769,48.4588
575.6400,318.3937,58.0237,48.2390
571.2456,316.9040,57.6924,48.4888
568.4941,317.2663,58.1373,48.3036
567.5352,318.0072,58.7304,47.9252
566.0570,317.5021,58.3478,47.3802
563.9793,317.0491,58.0486,47.1285
562.9733,317.8891,57.6945,46.7286
558.7107,319.0627,58.2907,46.2946
557.9674,317.3274,58.0967,46.7273
556.9962,318.5690,58.1151,46.8480
552.9591,317.0756,58.2378,46.7525
548.2770,315.5350,58.3045,47.3718
545.3630,312.5222,58.1331,48.3886
540.8746,312.2050,58.3383,48.5446
537.2813,310.7892,58.3493,48.8188
537.5250,310.7194,58.4915,48.6299
534.5248,309.6139,57.5885,48.5280
531.9835,308.9655,57.5258,48.3775
527.5861,306.9568,57.4866,48.4254
523.0697,305.4756,57.0364,48.2796
518.1917,301.9996,55.8523,48.7006
518.3667,302.0605,55.4442,48.4166
513.4560,301.0429,55.3980,48.3687
507.5521,298.1714,55.0377,48.5827
500.8013,295.4770,55.3793,48.3645
493.3028,291.4223,55.1231,48.7894
487.1519,286.8736,54.5027,49.2299
486.4630,286.1851,54.6335,49.4927
479.3059,282.6995,54.2437,50.0903
473.1468,278.3206,54.0858,50.4039
465.2498,274.9779,54.0301,50.5154
458.0085,270.8517,53.6370,50.8675
451.4529,266.9281,52.8936,50.9027
451.5602,266.9171,52.1698,50.3477
443.4516,263.4403,52.1839,50.3830
434.2162,260.1886,52.3540,50.6435
426.6785,256.6733,51.7172,50.1828
417.4944,254.4393,51.5262,49.5560
409.0692,251.4414,51.7719,49.0451
408.4576,251.8023,52.4358,49.0220
399.3297,249.4015,52.7134,49.0853
390.6396,249.4548,52.1494,48.6415
383.9425,248.1255,51.3690,48.8597
376.7134,248.1649,50.6753,48.5556
370.0539,250.0579,50.6313,48.1512
363.3444,249.9551,50.2434,47.9466
363.4212,251.0662,50.1122,47.2445
357.1046,250.4237,49.5887,47.5326
351.3098,252.6373,49.3082,48.5295
347.0240,255.8034,49.2066,48.3204
344.1222,259.4551,48.1571,48.2618
341.8395,263.5388,47.4667,48.5221
341.4747,263.3228,47.2931,48.5287
340.3936,269.6766,46.8227,49.8314
340.6578,276.1509,46.6421,50.3141
340.2773,283.0868,46.3371,51.0366
341.9460,288.9127,46.1293,51.8195
341.7105,296.9123,45.7256,51.6162
340.9927,298.3617,45.9078,50.6573
343.2377,304.7251,45.7995,50.8114
343.6721,310.2738,45.9414,51.1606
344.2557,316.4137,45.9314,51.2198
347.3457,321.3564,45.9321,51.5723
349.8389,325.8517,46.3101,51.5481
350.6616,327.2278,46.2254,51.0195
352.6523,331.1099,46.3271,51.2186
355.3853,334.8394,46.3576,51.1856
354.9055,338.7061,47.8489,50.3938
358.5844,341.0657,47.6027,49.9627
361.1373,340.3063,46.6407,50.1757
362.1878,341.7404,46.0412,49.7612
363.8959,341.9976,45.8512,49.8424
365.7278,342.8658,45.8315,49.7215
367.6661,342.7889,46.0991,49.1795
367.7548,342.9323,45.9199,48.7660
369.4752,342.5804,45.8484,48.3387
369.9174,343.3156,45.9357,47.7751
370.3894,342.5743,45.8630,47.3588
370.6689,341.7856,45.8834,47.2577
371.3417,340.2897,45.6210,47.5336
371.4214,337.7504,46.1187,48.3573
373.3702,337.0059,45.6226,48.1852
372.9504,336.6506,45.4174,47.8834
374.5569,335.1803,45.1904,47.7677
376.8759,333.4756,44.4586,48.1490
376.3430,333.3442,44.8702,47.9485
377.1763,330.9833,45.0791,47.8146
377.0988,328.5397,44.5525,47.9733
376.8185,329.1249,44.3044,47.7161
375.7372,325.7888,43.7833,48.1339
374.1443,324.7716,43.6294,48.0571
373.8700,323.2854,43.9840,47.9491
372.7247,321.0763,43.6740,48.0796
370.3076,319.0013,43.8844,48.4651
369.9172,319.7803,44.7862,48.4313
369.8853,317.9681,44.0758,47.9719
366.8066,315.6810,43.3674,47.4991
364.4724,314.5133,43.6146,46.5491
361.4503,312.6324,43.2473,46.0602
357.9900,309.8509,43.1471,46.5611
358.1003,310.1548,43.3164,46.3457
355.3151,307.9695,43.0121,46.1936
351.6465,307.0201,42.7041,45.9693
349.0685,305.9087,42.5933,45.3058
344.6104,304.0952,42.1239,45.0537
341.6664,303.4282,42.0483,44.6810
341.9890,304.1183,42.2194,44.5316
340.4474,303.6015,42.5292,44.3092
340.7015,304.5441,43.3938,44.4815
339.1304,304.0264,42.8642,44.3622
337.6437,304.8737,42.0167,44.1557
336.0222,304.5628,41.6096,43.4902
336.6793,304.8080,41.2923,43.4153
335.3184,303.7604,40.5426,44.1107
334.6003,304.6948,40.5218,44.2948
333.2235,304.7927,40.7180,44.2008
332.4242,306.0225,40.4848,43.6430
330.0280,305.2061,40.1754,43.3394
330.5992,305.5766,40.2259,43.5935
330.6204,305.1731,39.7902,43.6762
329.7369,306.2740,40.2391,42.8581
330.5034,306.9409,40.9325,42.7129
329.2905,307.5740,40.0935,42.4034
327.3467,308.6006,39.8716,41.6982
327.5415,308.5300,39.6540,41.4511
327.1690,309.2677,39.3443,41.1113
326.5246,308.4599,38.8410,41.5078
325.9771,308.5576,38.7530,41.1525
325.6329,308.0737,39.3958,40.8394
326.7366,309.4987,39.8515,40.6042
326.2634,309.6390,39.9434,40.2011
330.0052,306.6083,38.0103,39.9080
327.0381,308.9115,37.8706,40.2993
328.0066,308.9977,38.5859,40.0533
328.4372,308.5693,38.8595,39.6139
328.7321,308.9871,39.0963,39.4341
327.4641,309.7701,39.4893,39.1665
328.9223,308.8683,39.3312,39.1960
330.4064,308.4848,39.1290,39.0984
331.5718,307.0064,38.3456,39.7029
332.3552,306.6416,38.2489,39.7584
333.8675,305.7416,37.9522,39.3430
332.9061,307.3303,37.9249,38.7252
333.7901,307.2755,38.0849,38.1618
330.2926,304.6889,38.6232,38.1122
329.6391,301.0226,38.5343,38.5387
330.8438,298.9107,37.9623,38.8312
330.7346,295.2357,37.9058,39.2367
330.4457,295.5603,37.7444,39.1638
329.1669,291.8601,37.9641,39.4542
326.6752,286.3518,37.3778,40.0816
323.5897,280.5838,37.0497,40.2041
321.1924,276.7457,37.0447,40.2165
316.8073,272.4985,36.5110,40.7927
317.3732,272.1901,36.0726,40.8097
312.6883,267.7583,36.8534,40.3054
307.1917,262.3484,36.9699,40.7766
304.0613,258.1563,36.6409,41.3288
299.9888,254.2496,36.2552,41.4822
296.6084,250.3070,35.4894,41.5035
297.0269,249.5174,35.1539,41.2433
293.4590,247.2426,34.9288,41.1318
289.7655,244.7055,35.2250,40.7055
285.6808,240.6854,35.1438,40.9876
281.8628,239.7134,35.2458,40.1363
277.3955,238.0697,35.4174,39.4747
276.5411,238.1975,35.6753,39.1626
272.0287,235.6970,35.1094,39.2538
266.5597,233.5874,34.8842,39.9276
260.8334,231.8809,34.9055,39.6200
255.4338,229.7560,34.4616,40.0491
249.3988,228.6971,35.3821,39.3803
248.7671,228.0590,35.7980,38.9918
244.4424,227.7782,36.2404,38.7888
242.3697,228.9468,35.1194,40.1639
237.7054,229.2830,35.1759,40.0943
233.0875,232.8063,36.1641,39.3859
231.0131,234.8536,35.4026,38.9627
230.4835,235.5236,35.1269,38.6232
228.4392,239.1589,35.3844,38.2462
228.7699,243.0220,34.9812,37.8973
229.2389,248.6852,34.7006,37.6390
230.1069,252.9869,34.4387,37.7148
232.1948,258.8478,35.1045,37.0788
231.3098,260.2256,36.0675,36.6336
234.8461,266.3602,35.4199,36.0886
236.5102,273.1400,36.1019,35.3065
241.2598,281.1546,36.0391,35.3166
249.0796,287.4183,35.9058,35.3000
254.4522,294.6292,35.4335,35.0804
251.6300,296.3665,37.1710,34.2585
256.9608,302.7319,37.8358,33.5837
259.8810,308.7656,38.8470,33.1178
262.3783,313.9332,39.4612,32.1850
263.6042,317.5409,39.9433,31.4467
265.2867,321.8311,40.6325,30.6537
265.0309,322.6783,41.2445,30.2486
265.4268,323.4398,41.8574,29.6096
263.7074,324.3235,42.3209,29.6826
259.3152,323.1453,43.2504,29.3354
252.1488,321.6659,42.8077,29.0558
245.6978,319.7812,42.9709,28.9029
244.4381,319.5346,43.4484,28.5456
238.7436,318.3692,43.6346,28.5271
232.8417,316.5204,43.9476,28.4860
226.8801,314.2226,44.3549,28.2435
220.7586,312.9107,44.1213,27.7810
213.8281,309.2601,43.9541,27.5868
212.9483,309.7760,44.4185,27.0707
207.3769,308.4310,45.7281,26.5604
200.5957,307.5639,46.5899,26.8409
193.5593,306.3217,47.1366,27.1060
186.0719,304.9666,46.4981,27.4909
178.6215,302.7354,47.0873,26.3763
177.3359,302.9341,47.0585,25.9627
170.0930,302.2798,46.6756,26.3936
164.3472,301.2475,46.4535,26.3179
154.7531,299.7386,46.4500,26.1121
149.3275,298.3616,46.2908,25.8766
141.9262,297.5049,46.6954,25.7305
140.9356,296.9212,46.7013,25.6442
134.6613,296.6005,47.0129,25.7718
129.8497,296.3806,47.6412,25.6139
123.9535,296.3861,47.6958,25.5338
119.0506,296.4946,47.9643,25.5558
118.7435,298.8266,48.1996,25.0620
119.6161,299.9274,48.0676,24.8488
124.4386,304.0513,47.9700,24.4097
134.5142,309.8952,47.9281,23.9103
146.4990,316.1232,47.3730,23.9316
164.9393,323.4152,47.5951,23.7567
183.1159,331.7840,46.9050,25.4410
184.6100,331.9260,46.6060,26.1642
195.7554,338.7395,46.5828,26.3891
209.4163,344.0670,45.2882,26.6048
219.7463,349.1086,45.6852,26.7996
226.4590,353.9706,45.3808,26.7699
230.1380,357.8844,45.0941,26.4131
231.1923,358.2688,45.3438,26.0453
235.0377,360.7957,45.2738,25.8029
238.0816,363.2576,45.2108,25.7881
241.3716,365.6465,45.6093,25.8528
246.6121,367.7480,45.4967,26.0809
252.7835,370.3297,45.5759,25.9269
261.1237,372.3835,44.1287,26.1817
262.2447,372.7909,43.7114,26.6245
270.9593,375.2285,44.3637,26.7706
280.7935,378.8341,44.6455,26.9087
291.0201,381.8718,44.5373,27.2188
301.3021,385.9339,44.5727,27.3997
309.8220,388.0241,45.0101,27.7073
310.9781,388.0748,45.6399,28.1068
319.4492,390.8003,45.4126,28.5792
326.6204,393.4952,45.5987,28.7132
333.4854,395.9247,45.9856,29.2061
338.8929,397.4972,45.6563,29.8484
345.2119,399.9897,45.9454,30.0100
346.0338,401.1107,46.4161,29.8024
351.9849,402.3560,46.8395,29.8353
360.8554,403.6577,46.9412,30.7856
369.5167,405.7286,46.3410,31.2195
378.1010,407.9002,46.8142,31.5728
385.2577,409.2648,47.4814,32.3341
386.7037,411.2078,48.0630,31.9976
395.5912,412.1258,47.5123,32.1313
403.3658,414.0816,47.7745,32.8361
412.7932,415.7005,47.6884,33.1108
422.6883,417.2272,48.2597,33.0595
432.6460,418.7532,48.8143,32.9784
435.1963,421.2719,48.5189,32.9386
444.2017,422.0542,49.3018,31.8179
453.7514,422.8956,49.0674,32.6912
463.2219,424.2745,48.7984,33.0508
470.5372,425.8587,48.0533,32.8553
477.2863,426.3999,47.6484,32.7090
477.7235,426.9997,47.4618,32.3898
481.3826,424.2778,44.5743,35.0097
494.0768,423.8228,45.1744,34.9673
502.0513,423.8205,45.7033,34.6045
515.7159,422.7569,45.9049,34.8613
529.8932,421.7681,44.5205,35.0101
531.9743,423.6404,44.0444,35.0870
543.5087,422.3368,43.4244,35.1128
556.4120,421.0054,43.2373,34.7236
568.9614,419.7191,43.3641,34.5274
580.2170,419.9576,44.0447,34.5435
592.7856,417.9739,45.0046,34.4287
594.3289,418.8941,45.7552,34.3417
603.1754,416.0474,45.4701,34.3270
612.8664,413.9950,45.3096,34.6385
619.1718,412.9702,46.1577,34.2695
623.0830,410.5862,46.4658,34.5331
622.8185,409.3781,46.6313,34.5649
623.1783,408.5158,46.6730,34.7462
622.1476,407.6874,46.8641,34.4708
621.1003,405.6472,47.0117,34.3054
619.5544,403.8076,46.8933,34.1408
617.2762,403.9284,47.2244,34.1640
615.6059,402.0622,46.5813,34.5108
616.4957,401.9452,46.2472,34.5356
612.1852,400.7373,45.1023,34.6956
608.7372,398.9387,44.8894,34.4424
602.7750,398.4830,45.3508,34.2317
598.5246,395.8021,44.8010,34.6996
593.1510,395.9757,44.7522,34.5747
592.8019,395.3804,45.0566,34.9348
590.4277,393.7585,43.5507,35.3258
584.9906,392.9445,43.3400,34.5960
581.1866,391.1165,42.6482,34.8901
575.3998,389.2457,42.8177,35.2290
571.4200,388.7824,42.2565,35.1017
572.7826,388.8861,41.5015,35.0343
569.2492,388.6592,41.5502,34.9033
564.4788,388.8906,43.0202,34.6893
562.2312,387.4445,43.0364,34.9161
556.7118,388.3155,44.1290,34.2950
553.4663,387.8800,44.0946,34.2610
553.5055,386.7121,44.1551,34.6671
550.4038,386.8327,44.4562,34.3227
547.8383,386.4096,44.4608,34.2605
545.0833,385.9794,44.1777,33.7374
543.2281,385.1759,43.5976,33.9749
542.1539,384.7045,42.9356,34.0525
543.0020,384.4416,42.6507,34.0914
540.4525,384.1835,43.0481,34.2047
538.8965,383.0163,44.9603,35.8138
535.4905,382.4466,43.9268,37.7008
534.9852,381.6507,44.0648,36.8798
531.1738,381.5645,45.0542,36.3117
531.2718,381.5725,45.7166,36.0574
529.6327,382.0250,45.5265,36.1962
529.8204,382.5940,46.0134,36.0249
531.0624,382.5710,46.0961,36.5566
531.6098,384.2403,46.9333,36.3039
533.9669,384.5895,46.7203,36.1803
533.8996,384.8854,46.7530,35.9163
534.6724,385.0108,47.0812,35.6744
536.7090,384.0751,46.6375,36.3610
538.8428,384.1222,46.8728,35.9408
541.6904,384.7530,47.1165,35.4277
545.3332,385.9296,47.4630,35.0397
545.3170,386.0818,47.7271,35.0081
549.5617,385.7471,47.2834,34.3851
556.1203,384.8036,46.6943,34.3881
561.6906,385.6769,46.1946,34.6012
567.3104,386.0742,46.0949,34.3469
573.7147,385.2617,45.9095,33.9431
573.7250,385.1616,46.5964,33.7186
579.7164,384.3400,46.6329,32.7430
586.4044,383.2295,46.7037,32.3106
594.9584,382.6348,46.7688,31.9193
602.6106,381.7352,47.2048,31.7316
609.8729,380.9714,47.2924,31.4463
610.7711,380.3753,47.6831,31.8160
616.8580,380.1869,48.2083,31.8277
624.6356,378.7375,47.8235,31.9008
630.2341,378.1659,48.0174,31.8509
635.4457,375.8984,48.2639,31.5399
638.5480,373.0348,48.4569,31.7910
639.6241,373.4188,48.5454,32.2984
642.5352,370.8759,48.5884,32.3375
645.5261,368.4648,48.5490,32.1340
647.6377,366.4379,48.9666,31.9489
649.5580,365.1915,49.4982,31.9254
652.0876,363.9351,49.3372,32.2882
651.6825,363.6383,49.2914,32.7597
653.7884,361.0388,49.5557,32.4409
655.4700,358.4492,49.6433,32.3942
655.1150,357.5273,49.7203,32.4636
655.0646,356.1847,50.1675,32.8281
653.0049,353.1812,50.0221,33.2334
652.6935,352.9711,50.2281,33.5200
651.4789,350.4792,50.1100,33.2510
648.4552,349.8607,49.7734,32.8792
645.8974,348.1193,49.8453,32.6240
642.7879,346.4000,49.7318,32.4780
638.9564,344.5009,49.9084,32.7649
638.0775,344.0915,50.2526,33.1154
634.8987,342.8072,49.9454,32.5289
631.2401,341.7837,49.2244,32.8733
627.6434,339.8589,48.9523,32.6770
623.2202,338.3298,49.3707,32.2861
618.7512,336.8902,50.0017,31.9926
618.7404,336.5622,50.6828,31.9460
616.0933,334.8373,50.6370,31.8107
614.0490,334.3988,50.7398,31.5709
612.7356,332.4674,50.6870,31.3264
611.3797,331.9475,50.5829,31.4065
611.5193,331.2133,50.8998,31.1833
612.0974,331.5988,50.8107,31.3501
611.4840,330.9050,50.7235,31.2447
612.3608,330.2091,51.0816,31.6022
613.7258,330.4831,50.9350,31.7908
615.7892,331.4250,51.0477,31.5543
618.1445,331.8899,51.0371,31.4141
618.0045,332.2266,50.8625,31.1577
620.4675,331.4039,51.0192,31.2563
622.7373,330.3703,51.1511,31.5590
624.6984,330.7651,51.1686,31.7369
626.5580,329.7979,51.2081,31.7176
626.7612,329.8666,51.8447,31.5250
626.5809,330.3575,52.1231,31.6763
626.5049,329.5312,52.3833,31.5659
627.5065,328.8623,52.6781,31.4632
628.3130,326.7203,52.8870,31.4722
627.4034,324.9685,52.7441,31.3114
626.0457,322.8324,52.8784,31.1633
627.1489,323.2650,52.8921,31.4562
626.0274,321.8629,52.6212,31.1698
625.3761,319.8954,52.4442,31.2551
624.1429,317.2837,51.9552,31.3904
