1
511.7048,196.1907,54.1742,31.5932
503.4985,195.7176,54.4968,32.8625
494.6968,195.5745,51.2867,34.2753
484.7787,197.2516,49.8170,35.0058
478.8882,197.9116,50.8676,34.0881
466.9865,197.1897,51.5532,33.7566
443.2617,192.9485,48.6667,34.8137
437.9465,192.2330,44.6404,36.6272
427.3530,188.3645,42.4237,38.5003
415.9429,185.3716,41.2620,41.0045
410.3611,182.7127,40.2308,43.7745
399.2863,177.7355,40.0595,45.6353
384.4583,174.6488,42.2419,45.6490
377.5251,171.4707,42.7953,47.5149
363.5335,169.2211,44.2052,47.2029
354.1028,171.7570,44.6153,46.9713
347.2782,171.8869,44.9287,45.2556
334.0870,163.8917,47.2000,44.4730
319.7479,162.0369,48.2307,43.1623
311.9055,160.1783,49.1531,42.2496
303.4785,159.3503,49.8367,42.9020
286.7589,154.5349,48.4436,45.3471
280.4467,150.9566,49.3158,44.9082
268.4954,157.2049,48.7021,45.2336
258.8729,156.5652,48.9211,44.2108
255.4835,156.4519,50.2961,42.6032
252.4295,150.7280,51.4200,41.9134
245.0665,155.1390,51.9891,41.7411
235.4659,156.3013,54.0494,41.7515
218.1476,157.8623,55.8668,38.0476
210.5155,160.6373,56.3175,39.3828
201.0483,146.3087,57.4412,40.5742
172.8645,138.2591,56.5875,43.4305
165.9722,140.2764,55.4354,46.8008
161.7568,142.0784,55.9995,47.8210
154.7586,137.4286,54.6530,48.7601
159.4472,130.9411,57.4626,49.1358
160.6164,138.4025,56.9152,53.2526
160.3355,145.3808,57.6409,56.4848
158.6050,159.5291,60.5317,56.9890
147.1575,169.4385,66.3168,55.4927
157.2261,175.8070,67.3002,56.9021
165.9396,180.5318,67.3677,58.8700
165.0695,186.3963,69.0667,59.8358
155.4275,185.2713,73.8349,61.1847
163.0378,177.4431,76.6275,62.9577
163.1091,193.4167,77.6282,65.7959
2
0
0
0
0
1
160.9619,175.6510,34.9053,36.7852
162.3954,176.6396,35.2663,36.9622
163.8176,176.8133,35.2255,36.8291
165.7212,172.5355,35.1841,38.4042
168.4618,172.2660,35.0055,38.2047
168.3874,172.6940,34.9638,38.1375
173.3482,173.5728,35.3807,37.7890
173.2910,174.4696,34.4534,37.9607
177.7395,175.3406,33.4508,39.3768
176.8103,178.0144,33.8159,40.2369
180.8679,174.2719,33.8163,40.7548
180.9318,174.1656,33.5515,41.6657
185.2331,170.8256,33.3584,43.2752
188.7964,174.2694,33.3236,43.7051
189.3461,172.8133,33.1729,44.3473
196.5052,178.3698,33.5065,44.5135
199.8055,181.1888,32.9915,45.6514
200.9802,182.6935,32.5672,46.7405
200.2395,175.8720,31.7578,47.1557
204.4975,181.4756,31.4914,47.5805
204.3348,184.0007,31.8948,47.7909
209.3822,189.2090,32.5309,47.3602
219.1365,194.4510,32.6918,47.0728
215.2550,197.6364,33.4789,46.8841
217.3501,202.0242,34.0924,47.1723
224.2909,203.6261,35.2295,47.0737
226.1876,207.5947,36.9965,47.1779
226.7038,213.1300,39.6203,46.2966
229.3841,218.5089,41.7391,44.7039
232.1070,221.8783,43.7706,45.4925
236.4443,222.0241,45.2564,46.2954
208.7202,238.7395,46.1489,45.6318
208.1176,235.6852,45.1436,45.7583
212.0802,238.0192,44.1789,46.4599
212.5164,239.5536,43.1500,45.0583
216.4546,241.5835,42.5420,45.0484
225.3824,249.5840,41.7142,44.6685
227.1982,252.9622,42.6198,42.7449
236.3950,255.5416,41.7640,42.1673
236.0719,255.7912,42.5202,40.4652
235.9765,259.3253,43.7809,38.3760
2
0
0
0
0
1
260.8711,250.0039,53.2175,39.0558
264.2895,247.8111,52.3795,41.8880
264.8400,249.1802,50.4362,45.4214
265.4441,251.1995,48.9608,48.0049
265.9025,252.6022,48.7661,48.7344
266.6265,245.9931,50.2518,49.0235
268.7422,254.2919,49.9920,50.1602
268.9752,263.1039,50.1343,50.3026
273.5717,264.8121,51.7573,49.9048
274.5873,265.6366,50.8386,51.5767
274.1059,267.3028,50.2376,53.4831
273.7469,268.3933,49.8848,54.6320
275.9063,271.3383,48.7460,55.6689
279.7252,273.2138,47.5082,57.3621
279.9895,273.8825,48.3582,59.1629
269.8416,277.1064,50.3964,58.3205
268.6385,275.7819,52.1112,57.3666
266.7253,277.5814,54.5640,57.5147
263.7708,279.6870,56.8071,58.0823
262.9027,278.5843,58.4610,58.2154
261.9126,275.0977,60.5795,60.1942
260.9220,277.7016,62.9172,58.6643
260.0433,279.8218,64.6231,57.7010
259.6035,280.8601,62.7339,60.0912
257.6750,280.4073,61.3543,61.1758
265.9866,282.7229,62.4992,61.0373
261.5888,288.9451,63.5217,59.7155
263.0077,283.7952,63.2618,60.3285
265.6072,285.3010,63.4497,60.2254
267.2148,288.3805,63.2210,60.3469
249.5490,296.9922,63.8185,59.3675
249.1075,305.0210,65.0874,57.3838
251.0817,295.4483,65.1840,57.2332
245.2256,314.0848,66.3496,56.4971
245.4789,317.3859,67.3238,56.3268
251.0208,318.7347,67.9326,56.7309
252.0869,327.1978,69.7294,54.8132
245.2982,329.1467,70.2690,53.4554
234.7586,330.8892,68.4902,55.7766
237.5961,338.4777,68.0185,56.5838
239.4380,338.5111,67.9103,57.8134
256.8710,328.3708,67.6381,59.6428
276.9854,328.4253,66.4594,61.8170
273.7138,330.3799,66.1760,62.9581
267.9117,340.1754,66.0943,63.2600
270.2650,342.0140,65.7461,64.0422
270.0923,344.1045,65.7158,64.3896
280.8389,337.4442,65.6594,64.7822
2
0
0
0
0
1
231.2954,341.5133,43.0564,35.1731
230.5946,340.8508,44.2131,36.8992
234.6508,340.9284,45.7694,38.3638
