1
294.3993,147.2514,48.7888,148.0400
292.6756,146.1431,51.1486,149.3436
292.5387,146.5212,52.9694,150.3803
292.4010,146.0269,54.3231,150.8737
293.7254,145.9115,54.5665,150.9206
294.0034,146.9023,54.1901,151.2898
294.5109,146.3566,53.9955,150.8585
295.9103,147.5759,53.1352,151.0355
294.8685,146.9280,52.7697,151.5602
293.4986,146.4987,52.3626,151.8366
292.7161,146.9099,52.0570,151.4402
291.2810,146.5614,51.9229,152.1205
288.2980,145.1364,51.1778,152.2542
285.8852,146.3675,50.9273,151.8541
283.1960,147.3447,50.9690,150.8362
280.9303,146.2549,50.7384,149.9055
277.7608,147.2395,51.3419,148.6328
276.8420,149.3104,51.9039,147.9377
274.3766,150.8476,51.9660,146.6633
271.0308,149.0237,53.1496,147.4685
268.2206,150.4430,54.0653,147.5179
267.6586,151.1412,54.8851,146.8363
267.6928,154.1395,54.4899,145.0046
269.0192,156.7353,54.6170,143.1169
268.4494,156.7940,54.4185,143.4378
267.3130,156.9265,54.0426,143.7406
267.3549,158.4065,54.1460,142.9102
266.7415,159.8534,53.3610,142.4290
267.1879,160.3848,52.7590,142.0781
265.4158,160.0431,49.8797,142.1001
265.9941,160.5720,47.0818,142.1384
265.2147,164.3578,46.4753,140.4485
264.2280,166.0444,46.0208,139.3056
262.4536,167.8819,46.2228,139.0978
260.9554,168.6968,46.9496,137.8940
258.4317,167.3799,47.9779,137.3879
258.2113,167.2575,48.5362,137.2515
256.4475,169.1940,48.7803,136.2840
253.8232,166.5385,48.3175,138.1493
252.6649,168.3732,48.2654,137.7544
251.7633,168.0709,48.2310,138.4998
251.6762,169.5893,48.1896,137.4409
251.0373,170.0363,48.9228,137.6843
251.7733,168.4972,49.0793,138.9425
252.1605,165.1468,49.3329,140.9977
251.8729,163.8992,49.3571,142.3048
252.9699,161.9178,48.1521,144.1337
256.9620,159.3655,46.3882,146.5529
258.6426,159.6169,45.2317,146.2617
258.1049,161.8872,45.2197,143.8877
254.3054,163.7873,45.6614,142.0633
250.2292,159.6713,46.9074,142.5658
244.6507,155.4601,49.5689,143.9321
241.8594,148.6823,52.0844,148.0849
240.9401,144.2069,52.4317,152.2844
237.8311,143.6842,53.4174,155.5517
229.6314,141.8894,57.8708,155.3236
230.2696,139.5260,60.0598,156.5222
232.6332,140.8186,61.5882,158.7284
235.1452,139.5450,61.4569,159.5536
237.4842,140.4585,60.2942,159.5329
239.7119,138.9910,58.7193,159.8787
240.0817,140.1451,56.9992,158.3217
240.2309,140.1359,55.5409,155.5850
239.3688,139.8963,56.2817,153.1523
239.7770,138.7027,57.4436,151.7597
241.0905,138.3221,58.2632,150.1495
240.3604,138.1127,58.6592,149.3996
240.0027,138.7084,58.8549,148.9741
239.1783,140.3033,60.3312,148.5219
237.6711,141.2637,60.3168,148.5458
238.6092,142.3986,60.8352,146.6288
239.7456,144.7299,59.1299,143.8556
242.1873,145.3399,58.8798,140.9075
241.8312,145.1335,58.7967,139.5081
240.9486,146.5159,59.2967,139.2915
241.1742,145.2564,60.2483,140.1584
241.0935,145.0740,61.3878,140.4119
241.0354,142.5462,62.3340,142.4384
240.1277,142.2349,63.8546,143.2715
238.3998,142.6286,63.9809,144.1774
237.7623,142.2519,63.8435,145.1384
237.9031,141.8085,64.0176,146.0566
236.1526,140.2139,63.8684,146.3027
235.1197,140.6993,64.8653,144.9818
234.3699,140.6028,65.3746,143.1926
234.8432,141.3839,64.8848,142.2876
235.3029,140.5179,65.2673,140.8478
236.5434,139.8598,65.4081,139.7835
237.1724,138.7193,65.9619,139.8816
237.4185,138.6051,66.4104,139.5694
237.9418,139.3661,67.3062,138.7722
238.6278,138.9793,67.4161,138.8763
239.8064,138.5833,67.8372,139.8230
243.7471,139.5460,66.5211,140.2813
246.3458,138.1537,65.1466,141.2064
249.6236,137.0732,63.2136,142.2697
252.2948,137.9404,61.8477,141.9999
255.4988,137.8777,59.8993,142.4188
257.8201,138.3666,58.2004,142.7280
261.3532,137.9276,56.2592,143.6734
266.5215,137.7913,53.9791,143.5923
272.9590,142.2247,51.6279,145.1228
274.4947,153.8828,49.8847,143.9939
274.8097,147.5142,49.3188,144.8518
272.7275,149.8728,49.6141,144.9423
268.3586,148.6979,49.7100,144.9349
267.1269,141.8115,49.7420,144.9213
268.8041,128.4273,49.7515,144.9225
269.5733,108.5617,49.7608,144.9311
272.0681,92.2888,49.7909,144.9572
276.4947,84.4826,49.8187,144.9803
280.6982,82.4712,49.9100,145.0348
286.1624,82.9746,50.1958,145.1002
291.9442,84.9902,50.3053,145.1664
298.9196,85.6421,50.5689,145.2567
306.2640,87.8932,50.6735,145.2721
314.9658,87.7079,50.7017,145.2848
323.8586,86.2369,50.7117,145.2902
2
0
0
0
0
1
275.9445,144.8710,57.1728,152.5739
274.0202,143.4537,61.2590,153.4366
271.6129,144.0602,63.6955,154.3998
269.8906,144.1750,64.6659,157.9998
268.7128,144.1209,63.4951,161.0198
269.3129,144.4324,62.6595,164.8061
268.5107,144.1108,63.0053,165.9040
264.8591,143.5077,64.8319,165.8732
264.5545,144.7206,65.3012,166.4539
264.3942,144.3635,65.9687,169.1951
264.5703,144.1557,65.5205,169.8919
265.0643,144.0503,64.7209,170.7724
265.6339,144.5076,63.8549,171.6195
265.7734,144.1599,63.2353,172.2134
265.3053,144.6982,62.5971,171.9078
266.1777,143.7747,60.7124,172.0255
266.5401,143.9044,59.2277,172.2989
267.6152,143.5550,57.3490,171.8598
267.8899,143.8082,56.2723,171.2728
268.2265,142.9962,55.8354,170.9959
269.8127,143.7638,55.3358,171.2488
268.4729,142.8586,56.7048,171.6747
268.5980,141.7765,57.5965,172.7384
268.5234,142.2335,59.0964,171.9973
268.5744,143.0163,60.2089,171.4287
268.9480,145.3359,61.1542,170.0387
269.5818,147.0349,61.9042,168.9331
270.0643,147.0791,62.7022,168.1330
272.9049,149.0420,62.7823,166.9327
273.6838,149.4533,63.4642,166.5024
272.8187,149.2706,63.4837,166.8367
270.7849,148.1325,64.3124,167.6016
272.2036,148.4772,63.8916,167.1269
269.4942,148.5667,65.4383,167.9052
269.0092,149.4862,66.1539,168.0329
268.0346,147.6379,67.0616,169.4345
267.2244,149.2441,68.4294,169.3578
266.4588,150.0541,67.9808,168.9622
265.5562,151.0488,67.7035,168.5005
266.1195,152.8706,67.7775,166.8860
266.0835,155.4315,69.8187,165.4189
267.0497,158.6142,72.0633,162.9727
267.0279,159.9229,74.0869,160.9370
267.2338,163.2127,75.6372,158.6587
268.0906,161.4259,77.0167,158.9055
268.9232,160.8002,76.9845,159.1021
269.5123,161.1419,78.8422,158.6930
270.2998,161.6952,78.8742,158.1169
270.7894,159.9371,78.2983,159.0782
271.7327,160.5520,79.1002,159.9349
271.3984,158.8217,79.4925,161.7153
270.1931,156.2090,79.2060,164.4980
271.8719,156.0345,80.7011,166.2267
269.5193,156.4230,81.0297,167.7618
268.9117,153.4429,81.0516,170.4030
271.1072,154.0912,79.6705,170.9128
272.4667,154.2680,78.0947,172.2665
273.5119,152.7025,76.8115,174.8089
277.0803,151.8193,75.2484,176.9018
282.7860,154.0565,71.3226,174.9025
287.6063,152.6267,67.2535,175.9405
286.1860,154.3536,66.3354,175.3795
289.3044,153.8830,64.3200,174.7055
290.7887,153.6784,63.2983,175.8190
291.1014,152.7562,62.8128,176.0212
289.4019,155.5198,64.7346,174.6486
289.0832,155.8848,66.3187,173.9682
285.5605,159.5160,68.4723,170.8143
286.8781,162.6364,69.3267,168.0695
284.8743,162.7238,68.8980,166.6579
282.5793,164.0061,68.8980,165.5551
280.0060,163.9569,68.7340,165.3103
278.1214,161.2157,68.2253,166.0684
276.6447,161.3927,70.7646,166.6713
276.3755,157.2747,70.6605,167.1693
276.0355,159.5062,72.2612,167.2340
277.8183,154.4633,74.1461,168.9041
277.3474,149.7179,78.9427,174.3862
279.1807,147.4928,82.3344,179.0023
281.6181,143.7420,85.5818,183.2360
285.6736,139.9318,86.3988,185.7777
288.8724,134.5535,86.4480,190.5127
292.7826,131.9239,83.0499,193.7032
295.3590,130.5654,79.7607,196.3313
296.2164,133.6194,78.0443,194.8387
294.8425,131.0496,77.9187,195.6732
294.1657,132.6192,80.2607,194.6972
295.3810,132.3819,83.9367,194.7336
295.7273,138.2805,84.6221,191.2151
294.6819,141.1951,85.9548,187.1173
286.7265,140.6982,89.6369,182.9756
282.7662,143.2791,94.8778,177.8946
279.4634,146.1001,98.7222,177.8614
274.7112,146.6518,103.1440,173.7689
268.3043,148.2244,106.7830,173.4606
262.0308,146.3057,105.4129,174.5298
258.2773,145.1529,100.6728,175.4049
231.8594,129.7658,94.1077,177.1953
225.7964,117.9598,88.7486,180.1786
219.7367,120.9795,83.6348,179.5802
2
0
0
0
0
1
315.5759,164.4005,57.7545,145.6185
317.0772,164.5348,58.4998,148.8948
317.8495,164.3015,58.8916,151.2576
320.8855,164.6863,59.2003,153.1767
322.7526,166.0510,59.1822,154.8121
325.7200,165.0635,59.0669,156.0983
326.9834,164.2022,59.6590,156.0031
329.0800,165.0642,60.0577,155.8372
330.6592,166.6618,60.7081,154.2700
333.5074,165.6237,61.0795,155.8130
336.0702,165.9673,61.1505,155.8715
337.4924,167.1092,60.4414,155.5364
338.8376,168.9891,61.2139,155.6757
340.3910,167.5091,61.0490,158.0634
340.9604,168.3135,60.3260,159.6562
341.5463,166.5608,59.8233,161.3107
342.5252,165.8410,59.6604,162.2917
343.1761,166.5457,58.9862,162.0069
345.7395,164.8239,59.1170,161.3270
346.2174,165.5149,60.1431,161.7200
348.0293,165.3036,61.3943,161.5392
350.3676,164.8297,61.9351,162.1013
352.4703,166.6466,62.3198,162.8362
356.1680,165.8454,62.1989,163.0434
359.7431,165.4835,62.1686,163.7289
362.3498,164.9266,61.6501,165.5139
363.6810,164.5921,61.8801,166.1224
367.8418,163.9775,62.1180,167.3439
371.8715,163.8182,61.4588,168.5203
374.9181,163.3098,61.0348,168.7386
378.6903,162.8176,60.0678,169.9645
381.3441,162.2547,59.0602,170.1033
383.7950,162.6022,58.9484,170.1582
384.9726,163.9441,59.2583,169.5367
386.7662,164.5000,60.1857,167.4795
388.1120,163.4192,60.5461,167.0311
389.7179,163.7230,61.1742,165.3135
392.2469,164.7968,61.8448,163.5678
393.3799,166.8579,64.3451,161.6903
393.3808,168.4168,67.1916,160.7413
393.7041,171.9030,70.0968,160.0939
394.3210,172.1215,73.0951,159.9353
395.9731,173.2408,76.7772,158.7856
395.5152,176.3326,80.6666,156.8466
394.2649,176.3539,85.1954,155.3762
394.1424,176.3628,88.5228,154.9890
394.4571,177.8404,91.3906,154.3687
396.8246,176.8679,92.9426,154.2555
399.4162,175.2937,93.0750,154.6993
404.0719,172.3308,92.0239,157.7310
409.1345,170.8650,89.7673,161.3094
414.0325,168.5339,86.3854,163.4749
418.5822,165.3376,82.5217,166.4670
421.8878,162.2113,78.0910,169.4100
425.9216,160.9946,76.4137,171.2831
427.5128,159.2097,74.4860,172.8007
428.8200,159.7012,72.3109,174.0856
429.9744,161.4232,70.1136,175.1954
427.2557,161.8757,68.4975,176.5125
427.1061,159.8761,68.2137,176.9955
426.6219,160.6232,67.3964,178.1913
425.3549,159.1737,67.6966,179.4400
424.2098,159.6427,67.5039,180.2251
422.9900,159.3179,68.1763,181.7009
419.2954,159.7040,69.3856,181.6573
416.9809,159.1626,70.1079,182.5079
415.2871,159.2591,69.8884,182.1777
412.6514,160.8837,69.2881,181.5958
409.3506,160.8663,69.4046,180.8632
405.7467,160.8747,68.3147,181.3225
404.1678,161.3625,67.9761,181.1341
400.6137,159.4432,66.6594,180.5248
397.6903,158.8362,65.9202,180.7183
395.6481,158.2247,66.0560,180.9929
394.0084,158.1113,65.7177,180.6848
393.1371,158.4115,65.4647,180.2850
392.1426,157.5493,65.5215,179.6878
392.6079,158.8148,66.0277,177.6115
392.9113,158.2856,65.8732,177.1438
392.1224,157.5015,65.3482,178.0653
392.6621,156.6227,65.3367,177.7179
393.0216,155.9409,65.2354,177.9178
393.2437,155.3859,64.3786,179.6033
394.7495,153.8317,63.5076,180.9045
394.8689,151.6227,63.2664,182.6142
395.0128,150.9273,63.1241,183.2339
396.6165,150.7957,63.2864,183.8304
396.0310,149.2230,63.6682,183.4774
395.2627,149.1926,63.3025,183.0699
396.6986,150.0046,62.1823,184.2565
395.6048,149.2901,60.8762,184.9885
396.4068,148.9089,59.4143,187.5729
396.5442,147.6388,58.5369,189.1204
396.2396,147.1162,58.1313,189.6109
395.1669,145.4337,58.2636,189.2601
395.7109,145.0984,58.3762,188.9008
395.8950,142.5219,58.2794,189.6172
395.5008,140.6721,56.4185,190.4375
396.3952,140.5138,55.8300,188.9521
397.6481,140.2416,55.1344,188.2449
397.7831,140.7280,55.7814,186.4240
397.8516,140.9998,55.4086,186.3006
399.3497,140.4729,54.6397,188.0552
400.5540,139.8062,55.6432,188.3119
401.3911,136.8926,56.3763,190.2669
400.8022,137.2755,56.8245,191.0766
401.4667,135.2368,58.5272,191.2626
401.7483,135.3632,59.7627,191.3474
402.4920,134.0809,60.4581,193.5713
406.9335,130.4789,59.6516,196.6312
410.2487,130.5502,59.7412,196.7404
410.6247,130.8341,60.5837,194.6465
412.3716,131.3320,60.8513,192.8057
412.2203,134.0216,60.8970,190.7830
411.2026,133.9110,59.7727,189.5270
410.3657,133.1821,59.5594,189.0537
408.3109,134.9636,59.7021,186.6680
406.2649,133.3625,59.7151,185.7496
404.6026,134.0414,61.6173,184.7732
399.4681,134.0405,61.6501,184.3646
397.4784,131.3162,62.3801,185.3090
393.2809,131.1176,62.9373,185.3179
387.5007,129.6205,62.6950,186.1982
386.8035,128.8279,63.4437,187.2407
384.3670,128.4503,63.5244,187.4628
380.8941,127.0989,63.0775,187.9845
378.3099,125.5353,62.7735,189.4733
376.2799,124.4358,62.6377,190.2747
373.3548,123.4394,62.2532,190.4687
371.6390,122.8979,63.3242,190.3947
369.8145,123.1555,64.2121,190.3388
367.0829,123.5617,64.5794,189.8330
366.0729,122.6861,64.6802,189.9324
364.5757,121.8395,64.0673,188.9160
363.3729,120.1610,63.5435,188.6416
361.7662,120.8885,63.8589,187.9462
360.5544,119.4393,63.4913,187.8942
360.4310,118.1948,63.0786,187.8239
360.2597,116.7273,62.9114,187.0431
359.4571,115.0665,62.4475,186.7278
359.2249,114.9920,62.6071,185.8620
358.4376,114.9329,62.4212,185.4716
358.2178,115.4068,63.0142,184.8474
357.5618,116.1353,63.3488,184.3368
356.0514,116.1084,63.1862,183.6463
355.0988,116.0416,62.2847,182.6265
355.1112,116.9486,62.0496,182.5694
353.3131,116.8874,62.6954,181.9239
352.9252,117.3440,63.1618,181.8350
351.5984,117.3987,63.6373,181.1250
350.6788,117.2926,64.3402,180.2396
349.6829,117.6936,63.4504,180.4503
348.6321,117.4547,62.7443,181.0210
347.7721,117.6054,62.0842,181.0378
346.3525,118.0259,61.7332,181.2195
346.1682,118.4380,61.2020,182.2201
344.8240,118.4660,59.6883,182.9818
343.9024,118.7822,58.5035,185.0053
341.8138,120.8627,56.9295,185.2039
342.1800,122.4992,55.8915,184.8995
339.6859,123.1647,54.8354,185.0868
338.4698,122.0292,55.1521,186.0065
337.0380,119.8225,54.8014,186.5885
335.1695,119.6410,54.6908,187.3082
332.4591,119.6954,54.6539,185.8456
329.8114,119.5032,54.6032,185.3068
327.4991,119.0629,53.8312,185.7208
324.0454,118.5963,52.7743,185.4358
321.7147,118.6908,51.8806,185.5398
318.8349,119.6931,52.1372,186.4272
316.8001,121.6342,52.7344,187.3399
312.4077,122.6894,53.2334,187.9929
307.4382,123.2443,53.6959,188.6784
304.6516,124.0623,53.9044,188.0123
299.1302,124.4235,55.1831,187.1098
295.5141,124.1789,56.5438,186.9391
291.4602,121.7314,57.9341,185.5011
288.3266,122.2797,60.1805,183.5060
285.7374,121.9860,62.4768,180.8864
285.1268,124.6684,64.2546,180.0388
285.6219,124.0528,65.3865,179.6381
286.5941,125.7654,67.3540,178.0914
284.3824,125.6592,69.4071,175.7876
279.8912,127.2151,71.2751,173.3117
278.9356,129.3091,72.8101,171.8922
276.4776,131.7024,72.7783,170.8013
277.0735,131.4984,72.3296,171.2552
279.0000,130.6127,71.4220,170.9736
277.6675,131.3723,71.1173,172.6532
279.5634,130.9153,70.7855,172.9190
281.0887,131.2171,70.8269,172.3968
279.6909,133.0822,71.6801,171.9039
279.2776,133.4098,71.9635,172.0754
278.6063,134.3245,73.3289,172.0740
276.4029,135.9900,74.7301,171.7762
275.3455,135.7378,76.6828,170.8136
272.5981,137.2709,78.3416,169.8115
270.3485,137.9135,78.7645,169.1186
268.0206,138.5591,78.4055,170.3707
265.3457,138.8728,79.4286,170.0740
263.2003,139.9752,79.6793,170.0930
260.3853,139.8625,79.5405,170.4357
258.3073,139.7212,78.2932,169.9241
256.9721,141.7710,77.3794,170.4694
255.3097,143.1210,76.4117,169.9744
254.5631,143.4005,76.0559,169.7761
253.3065,144.2251,75.5003,169.9148
252.6602,144.7658,74.3689,168.1396
255.3311,145.7767,73.9225,167.1021
256.7262,148.4268,72.5447,167.5431
258.0466,148.8699,72.2425,168.8741
258.1628,148.9798,71.9200,170.2266
258.5099,148.5526,71.5775,172.7782
260.7365,149.5635,72.8743,174.1346
261.1945,148.0769,71.7072,175.6108
262.9412,148.1698,70.9109,177.4456
265.3536,146.7424,70.3569,178.9614
266.5989,144.7100,69.0381,181.6326
268.0242,142.7054,68.2179,183.2951
269.1946,140.4836,68.2698,183.5002
270.8624,137.0796,68.0173,182.4711
270.8210,137.1444,68.8006,180.7806
270.4697,133.4071,68.9335,180.7982
270.5915,129.1049,70.6656,183.3630
271.5530,122.7350,72.3649,184.8392
270.5785,122.8492,72.6110,181.8881
270.5321,121.8566,72.2585,182.9208
269.3786,118.9117,72.2915,185.0195
267.4193,112.2103,73.9759,181.4594
268.2990,107.9756,76.1090,174.5966
266.8796,107.6843,75.6119,170.1212
266.9223,105.7144,75.1046,166.9248
267.7524,104.6723,74.6498,163.2002
268.5887,110.3228,73.8237,163.4360
267.8729,95.5554,71.5738,167.1382
267.3810,99.0822,69.7181,168.4903
267.5417,106.0699,69.4608,168.9489
255.3390,96.9867,70.4690,168.1522
259.1721,101.1184,71.6910,167.6216
260.6947,115.1111,72.8406,165.0631
262.0194,104.3542,71.5620,166.7075
250.3314,102.0856,71.1262,164.2446
252.7641,100.7111,69.3543,161.4877
254.3812,101.1324,69.0297,157.8938
256.6296,112.9028,68.8915,155.9414
257.7778,102.3568,67.8917,156.5579
258.4304,102.0405,66.0489,159.0139
259.5104,99.3231,64.1430,161.9845
260.2205,98.0142,62.5747,163.5128
260.0796,98.3777,62.6913,162.8406
260.2910,99.1902,62.1045,163.1219
259.9433,102.2116,62.1106,162.2954
259.4629,101.2879,61.8748,163.2331
257.8260,99.7453,62.3843,163.9458
256.4974,102.3608,64.0698,162.1136
255.0747,100.7462,62.6925,159.7572
253.6436,99.8290,61.7662,156.1234
252.2901,99.6146,61.0205,153.2289
250.9942,96.1551,61.4561,151.1009
252.8995,97.3133,61.4185,153.4970
249.4050,86.9706,61.6506,153.6426
246.5903,91.0121,62.9492,152.5800
248.3313,86.2102,63.2237,157.2556
247.6147,89.5487,64.1902,156.9732
247.8369,89.9320,64.5492,158.2613
249.2467,93.1052,65.5074,158.1216
249.0707,98.5985,66.9956,157.7092
249.3442,91.4052,66.9090,156.0621
250.1095,97.9346,66.8977,154.1771
250.5155,102.1575,67.1195,155.6059
251.6592,91.6476,66.9546,157.2743
251.6896,96.1176,67.4173,156.8992
252.6337,80.2969,64.9108,160.5344
252.7688,79.4175,63.9900,163.0052
251.8178,81.5237,65.5788,162.7887
250.1519,72.7274,64.6861,163.7358
249.0124,71.2315,65.7684,165.6447
249.4063,73.5695,66.7535,169.3020
248.8231,79.9033,68.5780,172.5828
249.0998,78.9333,68.7464,174.3336
249.9569,78.3501,68.9639,175.3851
250.8651,78.5901,68.2898,176.8340
251.2427,78.8297,69.2751,174.4681
252.0609,80.0725,69.1531,172.2039
251.3332,79.7335,69.5527,166.2864
252.5967,81.1675,67.6928,165.2609
254.1795,85.1891,67.0314,163.9678
254.7341,89.4909,66.7635,164.7886
254.1099,95.0475,66.7853,166.0915
253.0083,92.2616,66.2214,173.9460
252.4491,88.4327,66.3503,181.7233
252.4878,86.5049,66.0490,188.6944
252.2666,87.3916,66.3602,192.8505
251.6525,87.8976,66.9488,193.6201
249.1841,88.8280,68.2533,194.3954
249.5251,92.5192,69.1006,191.8268
247.4133,91.3550,69.5475,190.5358
246.7831,92.6003,70.2912,189.5873
245.5628,92.4359,70.2538,189.7829
242.3562,86.7941,70.7600,192.9782
241.2366,85.0970,69.7570,195.1094
239.5189,82.9412,68.6348,196.6793
238.8549,80.6952,68.5951,198.8865
240.7655,76.9364,69.2040,200.4166
239.2818,78.2918,72.2283,196.6518
238.0181,75.8212,73.9190,192.1889
234.5228,72.6757,75.8131,187.2160
233.3072,71.7861,76.0656,182.7324
232.7158,69.8074,75.2566,179.5526
232.4182,67.1084,73.6482,177.8738
233.6028,71.7557,71.9244,173.4247
232.8224,68.7663,71.5207,173.0542
232.0907,66.9568,70.6819,173.0951
232.1760,69.0822,69.7205,172.3298
229.2126,65.8345,70.1625,174.0468
229.0905,70.5302,68.8858,173.7533
228.1088,70.2806,68.7374,174.6089
227.5979,68.7390,69.2350,174.8006
225.8586,65.2411,70.1073,176.3704
223.1801,63.7734,69.5947,178.5607
226.4122,62.9998,69.9519,179.5201
223.2881,60.4578,71.3836,181.1066
224.4361,56.1033,69.9210,184.0334
223.8437,51.3290,69.3397,186.3118
224.8040,47.5870,68.3700,187.8931
226.9305,43.5572,66.8948,186.1931
225.6449,41.9326,66.0979,184.0991
225.5586,39.0265,66.0602,181.6914
226.9832,37.5406,65.5177,180.4274
225.8105,36.3056,65.9586,179.4940
226.1497,32.8221,65.2479,181.0864
224.8800,31.5991,66.5276,181.1671
224.9910,29.1467,65.8838,180.8510
224.1775,29.9012,65.1220,181.9261
221.9995,30.7718,64.8811,180.7128
221.5389,30.1261,64.6716,183.1858
220.7146,30.1954,64.8372,184.6156
218.3495,30.4158,65.0242,185.2750
215.7325,31.3072,65.8784,185.7670
216.0929,31.7500,66.0888,185.7929
216.8690,32.8325,65.3038,184.3127
214.5894,33.1420,65.5427,183.2765
214.6119,32.6859,66.1252,181.9272
211.9890,32.0644,67.5775,182.0832
212.2149,30.6876,67.4915,183.1614
215.0370,28.5973,65.4355,184.4537
215.0304,24.5228,63.7807,184.9306
214.4049,21.8202,63.5461,182.8817
215.5801,15.8920,62.7838,180.4838
218.5617,18.5495,61.8371,177.2723
216.9528,20.2474,61.8015,174.5143
218.1064,20.0985,61.5306,172.6512
215.7246,17.8094,63.3591,172.2411
215.6311,16.0834,63.4814,174.1463
216.2355,13.9909,64.5368,175.7798
214.1457,15.9741,65.7730,176.7568
212.7314,15.7200,65.2484,177.9600
213.4942,14.3687,63.9085,179.4283
215.3249,14.3583,62.1467,180.2278
215.1866,14.8339,61.0010,180.6874
216.3457,15.0091,60.2558,180.0865
216.5786,17.4216,60.0225,179.8799
217.6951,21.7836,58.7457,177.0985
218.2985,23.1973,58.8596,174.5427
218.3789,24.8344,59.5773,172.2877
216.9934,26.4867,60.5537,170.8405
216.5342,26.6934,62.0483,169.5875
215.1562,27.3677,62.0321,168.2398
214.1798,27.1332,62.2250,168.2183
214.7409,27.8902,63.0161,165.7012
214.3089,28.0156,62.8962,165.0557
215.8099,26.6478,63.5154,162.7257
216.4216,23.5976,61.9696,163.9895
217.1054,22.6608,61.6227,164.2240
219.0843,24.1025,60.2481,165.9080
217.7735,25.1828,58.5053,166.8825
218.4053,27.3482,58.5436,167.5083
218.1381,26.8317,57.9257,170.4233
218.5568,28.7227,57.4053,172.1235
219.7903,31.4776,56.7841,172.5290
221.3327,38.8084,56.5259,172.6791
223.6537,39.7777,55.5317,175.3234
224.0633,42.2274,56.1631,175.9896
225.3108,45.6264,56.6960,174.7897
226.3693,49.3971,58.3109,175.1171
229.2447,51.7438,60.1731,174.5423
229.1720,51.4527,62.7965,174.4909
232.6103,53.2407,62.3213,174.3190
234.6324,51.1571,63.2896,174.8325
239.3068,46.1967,63.1496,174.6155
242.3643,43.8769,62.0503,170.9439
245.5666,44.1082,59.9970,166.9492
247.2076,45.7890,59.6848,164.1730
247.9773,44.3676,60.1207,163.6379
246.3852,38.7145,60.8152,162.2013
247.2236,38.3803,61.7322,165.4160
247.0528,38.7685,62.4988,167.2805
248.2407,34.6380,63.0474,172.9391
248.6405,28.0054,63.4944,178.4653
245.8198,21.1131,67.0917,183.4639
243.9627,15.4705,69.3775,189.6908
243.8670,9.8889,69.2995,197.9482
244.8184,7.1943,70.1714,204.1812
246.2492,6.8813,71.3962,204.1246
245.7343,9.4619,70.7250,202.2539
247.1000,8.5378,71.3014,201.0287
249.4432,8.6171,70.7613,198.5221
249.1424,10.0575,73.2048,195.8767
250.8092,11.0522,73.9586,193.3073
251.3833,10.2620,74.7970,191.4361
252.8706,12.9007,77.0654,189.1353
255.6706,10.9458,78.7930,189.8741
256.1305,12.6591,81.8193,187.8128
257.1234,11.2889,84.0392,185.5419
260.1641,10.4873,85.9576,184.6542
262.8981,8.4182,89.1449,183.4574
269.2004,9.0084,86.3978,183.4043
274.6471,7.8951,84.2662,182.9241
279.7023,7.2410,82.6738,183.7000
282.4477,7.7343,82.0198,182.3252
287.0618,6.2141,83.6195,181.2478
291.3632,7.1300,83.4561,181.6822
294.3438,6.7015,83.4639,181.3370
297.7700,6.4615,83.4437,181.9384
302.4319,4.6282,81.8998,182.4727
304.9428,5.8232,81.0999,179.9011
307.6107,3.3239,80.2024,180.9247
311.1626,5.2750,80.1395,181.3435
311.4134,1.9353,80.7863,182.8327
312.1877,3.5639,82.4047,183.6012
311.9024,2.7594,83.0093,184.5739
315.5573,3.6574,82.0068,183.5833
316.2217,4.0764,82.8001,184.3699
317.4750,4.5235,82.7136,185.3135
320.0807,7.0027,81.6215,184.8747
319.1969,7.9849,80.7019,184.4979
320.8912,7.8595,79.6602,184.5478
323.0938,7.3438,79.2794,185.1785
323.7941,9.7192,79.2630,182.9032
323.6099,11.7371,80.9791,179.7950
322.0101,12.4972,81.6930,177.8639
320.3860,11.1929,81.9865,176.0648
320.3291,11.1144,80.3938,174.5390
317.5424,12.9657,79.9314,174.0982
315.3290,13.1237,80.5638,175.0284
313.6455,13.6571,80.6503,174.5859
315.0443,16.6082,80.8818,172.9265
315.7159,13.7992,80.1048,173.0905
315.9445,13.3984,78.0441,174.3655
316.1574,13.8674,77.0578,175.6330
316.2480,15.4363,77.0991,175.3050
316.4997,15.4502,75.1353,176.0609
317.4278,15.8123,74.5054,176.9349
316.8328,17.1028,74.1709,177.5620
315.9442,18.5530,72.9129,176.5466
315.8190,21.6075,71.6390,175.7407
317.0475,22.1372,69.6465,174.7758
317.2149,21.0341,67.0698,174.7596
318.3461,23.4284,67.8502,174.0244
319.0687,20.0759,67.8420,174.8133
320.6205,19.3155,68.9828,176.7157
322.4715,18.0886,68.4333,177.9204
323.7213,16.5286,68.0515,179.5956
325.9701,19.0659,68.3627,178.0751
327.9287,18.4182,66.3791,178.5394
328.7415,19.8970,65.3830,177.6528
330.9727,20.5480,63.3650,178.7628
331.6762,22.6764,63.9851,176.6583
332.2562,20.2015,64.4330,176.2283
331.7060,21.3961,65.6901,174.5085
331.5949,22.8154,66.6609,173.2787
332.0426,22.3839,66.9165,174.1613
331.5040,21.9766,66.3723,175.0843
331.9247,22.7346,66.1254,175.3393
332.0653,22.8722,65.3772,174.6198
332.4200,20.0080,63.3926,176.0905
332.4379,19.6005,63.1874,176.3189
332.7190,15.9888,62.1146,178.7900
332.9243,12.7911,62.4158,180.2113
333.8482,10.5953,62.7778,181.4381
333.0463,9.6376,64.3231,182.0355
333.6941,8.9767,65.0839,182.3153
333.6930,7.9997,66.2160,182.5749
333.2873,7.2316,67.6091,182.6591
332.9514,8.1393,68.6843,181.8091
332.9689,10.0584,68.8628,178.8992
334.3210,9.7064,67.5596,175.9617
333.7054,9.7628,66.3389,173.8316
335.0059,10.4516,65.2431,172.3286
335.8482,7.0296,65.4130,170.1489
336.3461,8.8742,65.0303,170.0458
338.1670,8.8460,63.9630,167.9692
338.5113,8.0960,63.5111,167.7618
338.3832,6.4255,62.8732,167.5257
339.4293,6.4639,62.0106,166.7652
339.8760,6.4354,61.7586,166.6122
340.2870,6.6449,61.0391,166.6088
340.3954,6.7942,61.6088,166.3135
341.3328,6.1416,61.3488,165.6620
340.8880,6.8445,61.5262,166.1366
340.9134,5.2880,61.7138,166.3519
341.4737,6.1948,61.2005,166.3988
340.6262,7.1342,61.3325,165.9936
341.0160,7.3698,61.6279,165.8250
341.5741,7.1518,61.4323,165.9799
342.6339,8.4194,60.5198,165.8799
343.0877,8.8918,59.4664,166.2380
343.2244,9.2488,58.9123,166.6687
344.7854,10.4343,58.2745,166.6456
344.7974,11.3749,58.7810,166.2388
345.2374,12.7929,58.1852,165.6043
345.8631,15.0091,57.6582,165.2133
347.8244,15.9025,58.0359,164.7061
348.9865,13.0379,57.9515,165.7037
350.0481,16.2504,58.0902,165.3314
351.2302,13.8429,57.0952,166.8945
351.2711,13.6736,57.1811,165.8318
352.7860,12.7250,56.4403,165.9368
353.5062,9.4642,55.7128,166.1450
353.6673,10.9113,56.7307,164.7380
353.8789,13.6550,57.3519,163.3444
354.2649,13.3954,57.9284,161.7921
356.3457,15.4470,58.1922,160.4503
357.4779,14.4517,58.0368,160.7627
358.6537,15.3837,57.1643,160.4926
359.1934,14.3966,56.4985,160.0799
359.5949,17.9818,55.2130,158.9519
360.3191,17.3349,56.1820,158.2865
360.4048,17.0216,56.1466,158.4551
360.2326,15.9133,56.9629,159.1068
361.3655,15.5542,58.1623,159.7508
362.5641,13.5612,58.7088,161.7238
362.7293,13.5814,59.7557,161.3928
362.6800,14.1107,59.8160,161.3442
363.5183,14.5708,60.9110,161.7323
364.6483,15.2332,61.3987,160.5194
365.4956,13.9163,62.2269,160.6188
366.3399,10.8184,62.8026,162.4745
366.7310,11.0346,62.9360,163.4681
366.9318,9.4014,63.9401,163.8676
369.1698,8.7297,63.4183,165.4522
363.2054,16.0601,64.7601,161.7557
367.5105,14.2273,64.8205,160.9957
371.2447,15.2721,63.3438,161.2355
361.1458,17.5475,65.0784,159.4729
367.1724,15.0183,65.9671,158.5484
372.1827,18.1193,66.1237,158.3570
359.6977,22.9111,68.9230,155.1507
334.4589,30.0233,64.6475,150.2234
334.7081,31.1759,62.2078,146.7947
335.1271,32.7148,60.1937,143.5061
336.2120,33.5619,57.1053,141.6293
335.4551,35.2162,55.3519,138.5950
333.7196,35.1455,53.7790,137.2301
333.4663,35.2297,51.7908,136.6832
331.7202,34.9658,49.8894,135.5199
328.3708,35.3505,49.4695,134.5240
327.6905,32.7576,48.4539,134.1965
326.7769,34.6448,47.8987,133.3502
326.3640,32.1223,46.5110,134.1032
324.6368,32.2510,46.1074,133.8894
323.2721,32.0791,45.1783,133.7323
322.4548,31.3217,44.8947,133.6121
320.3157,32.6323,44.7601,133.3453
320.4712,30.8947,43.8916,132.7649
320.3524,32.6995,42.9710,132.5136
318.6714,33.0352,42.3991,131.6882
318.3772,33.4563,41.4154,131.1333
315.9426,32.9144,41.9727,129.7525
314.2772,34.0113,42.5445,129.1868
311.8171,35.0679,42.8327,127.3667
310.7845,34.9969,42.8310,126.9208
309.6488,34.6197,42.7714,126.8344
307.2839,34.4694,42.4755,127.0321
307.8427,34.0826,41.9490,127.7981
306.1111,32.9789,42.0579,128.3322
304.7491,34.9907,42.1304,128.1486
303.8423,34.1210,42.2764,128.5097
302.5630,33.5979,42.1625,129.3466
300.4638,32.9252,42.5756,129.8855
298.3030,30.7654,42.7702,131.1288
294.4939,31.9689,44.0267,131.3979
290.5202,30.0463,44.1432,134.2763
283.1430,30.0004,48.7407,134.6768
276.8218,30.7458,52.1699,136.1664
273.5910,31.2262,53.7500,137.0154
273.8101,31.9319,54.1472,138.3025
273.6997,31.4163,53.4908,139.3200
274.8731,32.2752,53.2227,139.8951
275.6010,31.3233,52.3989,140.6738
275.0102,31.1788,51.5866,140.8672
277.1628,32.8953,50.5664,141.0414
278.0577,32.9355,50.2077,141.0901
279.0202,35.2631,50.3783,140.1415
280.7646,36.3786,49.9299,138.2911
280.7924,38.1738,50.0118,136.8337
282.3190,39.8436,50.2711,136.3904
282.0813,40.5858,51.2518,136.0429
280.7901,40.7448,54.0328,135.8321
281.6999,41.3875,56.5485,135.4679
282.7638,40.7653,58.4645,134.8645
283.9448,39.8134,58.2783,135.4571
285.8564,37.9168,58.7366,136.2915
288.2217,36.5003,58.2631,138.1512
289.5326,38.6334,58.0013,137.5217
290.8817,38.2128,58.4916,137.8789
284.6348,38.9953,61.8892,136.9303
288.5906,37.0831,64.2865,137.6302
282.9386,38.8057,65.6117,136.4461
287.4745,36.4700,66.4901,137.2962
283.4354,37.8583,67.3065,137.1711
280.9248,39.3039,65.7590,137.1097
284.7487,39.3919,64.8137,137.1042
279.4011,36.9109,60.6641,139.2578
283.0851,36.5082,59.9132,140.1080
277.7819,33.2974,56.1019,142.1626
279.7223,35.6108,55.5716,141.2234
280.6015,33.9221,55.1901,140.8078
281.6038,34.8323,55.8046,139.3473
281.7285,35.1723,57.1217,138.3148
285.5170,36.9126,59.4550,136.2816
287.0223,36.3806,60.0395,136.2623
289.2345,36.9723,61.9724,135.2355
293.1368,36.7394,63.7548,134.3609
297.7201,35.8056,64.3698,135.8150
302.4238,36.1282,65.0997,135.7769
307.0051,34.8427,63.8532,136.1433
307.7833,35.7491,63.6090,136.3711
309.0160,34.5854,62.8616,137.2468
311.6585,34.4406,62.0483,137.6702
312.4142,36.0056,61.7807,136.3718
314.5115,34.4419,59.9404,136.5445
314.5024,37.2025,59.7744,135.7087
316.4012,38.5751,59.2364,134.8971
317.4135,37.8873,57.7562,134.4044
319.3590,38.5213,56.9207,134.0931
322.2490,37.6048,55.6019,134.7882
324.1925,37.3351,53.7720,135.4667
325.1517,37.0156,52.4827,136.0448
326.4756,37.4034,51.5073,136.6863
326.2409,37.7864,51.7286,137.1469
327.1836,39.1023,52.8786,136.4467
325.9593,38.1818,52.1854,137.1174
326.0524,37.6335,51.0128,137.8846
327.7431,35.5882,49.8957,138.8453
330.1888,35.0850,48.0700,139.7190
331.4953,39.4460,46.4102,137.4462
333.5498,38.6565,45.7986,136.6807
334.7076,42.5324,45.5266,134.1556
335.2321,42.3497,44.5516,133.2540
334.4019,44.9863,44.7310,132.5209
332.6011,45.7571,44.4172,131.4504
332.6106,46.0157,43.9200,130.5817
330.8746,44.9654,44.3303,131.1782
329.4045,42.3236,44.3083,132.8673
329.0372,43.6263,45.2529,133.5471
328.9524,41.7307,47.3738,134.3691
327.6169,38.4663,48.8443,136.1707
335.1839,40.2219,49.5706,135.1551
330.7530,40.5553,51.4943,135.3252
337.0477,40.9881,52.0263,134.7580
329.5787,40.6949,54.6018,134.8164
332.3953,40.8531,57.6747,133.5569
326.2334,38.7352,59.1247,134.3130
334.3906,40.0897,59.7313,132.8768
343.6534,42.2553,58.2995,132.1427
350.6756,48.5502,56.9443,127.8252
358.0349,59.0402,55.5263,121.1335
358.4920,52.9286,52.2004,120.5093
361.4006,55.4437,50.4200,119.4727
368.0997,57.6044,48.2052,116.2397
369.4937,60.1578,46.6040,114.3398
372.4799,61.3181,46.0665,114.0103
376.5835,59.1115,46.0246,114.7164
378.6114,61.6669,44.5947,113.7792
382.2154,61.4254,43.8373,113.0299
386.2672,62.1283,42.9657,111.6500
388.6831,67.0345,42.6332,108.8700
392.3213,64.4115,42.1512,110.5998
394.8704,65.2163,43.6446,109.6456
395.1066,62.7044,44.0070,111.2449
395.6880,62.4508,45.1970,112.0247
397.0854,61.4242,45.5095,113.8532
396.7672,60.6032,45.9036,114.1597
395.2304,60.0970,45.6703,115.0516
394.2635,60.7834,46.6367,115.4989
393.4927,62.4760,46.5016,114.2178
392.3781,62.6270,46.0966,114.0484
392.2962,63.8307,44.7990,113.8304
392.9626,62.7054,42.8698,114.8144
394.1573,62.3914,40.7649,115.0590
394.2369,63.8814,38.8994,114.5060
391.9580,65.2780,38.9932,113.2365
390.9232,68.6113,39.1664,111.4584
389.7148,67.4336,38.6773,111.2421
390.1495,66.8598,37.8876,111.2452
388.5763,69.0592,38.2850,110.6814
388.2495,71.3647,38.0953,110.3487
386.6041,73.4158,38.9493,109.1479
384.8988,77.3887,40.0155,108.4588
383.2544,81.1159,42.4309,106.6887
380.5197,85.4995,45.4198,104.3542
381.0387,84.8482,45.3364,104.8545
380.8165,85.9987,45.8745,105.8602
379.9010,81.6873,46.0354,110.2814
381.6467,75.1051,45.2593,117.5549
385.5593,70.2390,46.9546,123.2955
388.8155,61.7795,48.4766,129.7817
388.3195,55.2355,50.0322,137.6835
389.3064,54.7195,49.2457,142.8040
387.9245,55.8748,49.4798,144.6518
385.2668,58.2914,49.5673,144.1432
382.0710,59.2847,50.1987,144.9418
379.7729,62.6560,49.2991,144.7968
376.8715,66.3814,51.3296,141.2735
374.8945,69.1700,52.4814,139.0066
374.6329,70.3614,52.7935,137.5621
374.1178,72.8243,52.3958,136.8287
372.6496,70.5452,51.2509,137.4429
372.2180,71.9795,51.1146,138.8001
371.1604,72.0447,53.1474,138.9764
368.8489,72.1583,54.9213,139.2853
365.9856,70.4080,56.6340,138.3672
365.4013,68.2916,57.8112,140.8145
365.6999,67.3420,59.4778,142.9238
367.8950,71.0220,61.1590,142.2977
366.3335,70.6671,62.6274,142.4424
368.0604,73.5542,61.7594,141.2693
369.2730,71.7051,59.0345,142.9487
370.1249,73.0558,57.7284,141.7941
369.1920,74.0990,57.6679,141.3260
369.7303,75.0804,58.1338,141.2457
368.0459,77.5378,60.2361,140.0160
367.0842,80.9011,60.6470,138.7664
366.9132,84.5268,61.8180,136.5332
364.3682,86.2708,62.0900,136.2884
362.0813,88.7430,63.2407,135.6250
360.3419,89.9913,62.6162,136.2428
358.8745,92.3138,62.7145,135.7195
356.1507,94.5789,63.4235,135.0801
355.7527,96.1008,63.2590,134.9914
356.0973,97.6463,64.5922,134.1350
357.8493,103.4403,66.6807,133.4209
355.0756,106.0823,65.9487,132.3643
353.5738,107.2547,65.6151,131.9256
349.9664,106.0400,63.8200,132.2882
349.8819,107.0734,65.0852,130.9448
347.1792,109.0368,64.5314,131.1068
359.0854,119.6190,64.3178,126.1080
360.7325,125.0711,63.6716,121.6616
361.5944,124.7722,61.8646,118.7253
363.7871,126.6353,60.5142,115.8070
353.3651,124.1145,61.1725,116.6404
353.0048,123.4634,60.8894,117.9857
352.3867,122.3858,60.0737,119.6244
352.6086,120.1529,58.2592,122.1614
350.5419,112.6257,58.3801,125.9057
349.4974,110.6276,58.3545,128.7134
344.2937,106.2719,59.9798,131.2104
341.5000,104.9939,61.9708,132.7551
339.2781,106.1703,61.9778,133.0993
338.1298,99.2865,62.9107,136.3742
338.0330,103.0016,64.8688,136.5040
337.6336,95.4577,64.8367,139.2861
338.7578,96.4984,64.0599,140.4303
340.5388,98.9099,62.2313,141.0072
345.9903,92.8217,58.6893,145.3380
348.6693,96.8155,56.7237,145.6923
348.7558,94.0836,55.7510,147.4250
350.1056,94.2315,55.6515,147.9172
350.1839,91.9892,56.3779,150.6612
348.9670,93.1877,58.0377,152.0151
348.2138,94.4019,59.6374,152.9203
346.3166,93.6452,60.6739,155.4707
346.4347,96.9947,62.1259,154.4857
351.9344,96.4330,62.7781,154.3427
348.5260,95.5565,63.2710,156.7211
355.0980,98.1657,63.6168,156.5758
356.9735,99.5827,62.7415,158.3454
359.1900,99.4820,61.5074,159.9789
360.4040,100.0385,60.5823,160.6112
359.2734,97.1749,58.6103,163.8583
358.2225,94.7204,59.9330,166.1538
356.0793,92.2208,62.1441,167.0909
353.5924,92.0620,63.4362,169.1304
357.2894,92.9257,63.7631,170.0297
354.6647,88.1867,64.0563,173.4608
354.6564,90.2058,64.9070,172.8006
354.3912,88.0764,67.4660,173.7247
354.6187,83.6318,69.6385,176.5910
354.8340,80.5448,70.6543,178.3659
354.3107,80.0761,71.6717,179.8855
355.0143,80.0325,71.1069,180.8668
353.3422,78.5250,73.1130,181.5341
366.4263,88.5485,74.6483,179.3666
361.9907,83.1977,75.5521,182.2778
358.0427,78.7686,78.0066,185.0667
355.1966,73.8502,79.8785,187.7657
351.0342,70.3561,80.1799,191.0192
363.5166,78.1326,81.4455,190.8753
358.0593,75.1015,82.9149,191.8675
354.7717,70.0890,84.3711,195.0433
351.8646,67.1663,85.0279,197.0282
365.0245,77.7395,85.7257,197.6573
359.4994,74.0245,87.9915,199.5303
355.1782,67.0170,89.0739,203.8314
349.8526,62.3331,89.6784,206.9989
346.5435,59.6634,90.6904,208.0879
344.5723,55.1893,92.2543,210.1675
344.2588,51.2609,93.7200,213.2685
355.0240,55.0994,93.9449,215.6493
352.6398,51.8832,93.2215,218.4399
350.9580,50.6045,94.4787,219.3754
350.2328,49.0996,95.2244,220.9519
349.6015,46.9558,94.7424,222.6246
349.2513,47.2335,94.3725,224.8515
351.7190,46.0012,96.4474,226.5458
350.4062,43.6600,95.0794,227.3857
349.7190,40.0495,96.1780,228.7913
349.1946,36.3473,96.2428,231.8385
351.5555,36.7725,95.4946,234.3165
353.6463,40.6801,95.9488,233.0674
354.0768,38.8616,96.9678,234.5146
353.4382,39.9583,96.3548,234.3774
355.4718,38.3903,97.1880,235.0387
354.9659,37.9724,97.2538,234.9993
353.7616,37.4450,97.6557,236.1845
356.3330,36.6249,98.1852,235.5933
358.6487,35.9178,98.4563,236.9078
360.9026,36.5865,98.1448,239.0283
357.2994,33.2054,99.0849,238.7956
360.2940,42.3021,98.1024,238.5968
358.0526,38.7460,98.9759,237.6290
359.3365,45.1481,99.4078,235.2370
365.6588,42.0311,98.8157,235.7702
366.7971,42.4705,99.6287,239.2540
367.7196,38.3381,100.4303,241.6268
368.3653,39.0703,102.8703,240.4620
370.0485,39.5708,103.4646,240.0724
372.2633,42.0673,102.1573,242.5285
374.0801,43.8919,102.9998,242.7658
377.7396,40.7713,101.7279,244.8803
380.2285,46.6319,100.7778,244.3087
380.0931,38.3286,97.9592,245.7334
383.6731,40.1427,97.3931,244.5570
387.6763,30.5699,94.6773,245.5392
387.7993,25.3975,93.7379,245.3233
394.0745,33.7655,92.2375,244.4035
394.9859,24.9969,90.6101,245.7489
396.1431,22.0958,89.5250,247.1925
397.2482,31.1526,89.4565,245.4156
398.9866,26.7595,90.2854,246.4595
400.5372,34.9982,88.8706,248.4877
402.8038,31.0839,87.3365,248.0452
402.7039,38.4528,86.3124,247.1223
404.2684,36.4200,86.1868,247.2923
404.0022,43.0226,86.9141,247.4388
404.6714,40.5525,86.4464,244.9700
405.5201,48.3818,85.3595,245.8632
406.7676,44.1561,83.9666,245.1144
406.2133,49.0470,83.8408,245.0781
406.7893,45.2702,83.0199,247.7527
406.5996,42.2162,83.7779,244.7850
407.5093,47.9147,83.8048,246.6626
410.7318,44.6130,84.1609,246.7591
408.9797,50.9431,85.6149,246.3488
411.6489,44.3763,85.7588,248.3384
413.5456,42.1488,86.0502,248.2406
415.5321,48.7419,85.0483,248.2352
417.6513,44.2361,86.0586,247.9679
419.7579,46.3221,84.6283,250.0393
422.0483,42.9314,85.6016,249.2056
425.0654,46.3332,83.8944,248.9350
428.3047,42.1414,83.1690,247.0505
431.2936,45.6278,80.6215,251.2621
434.2685,43.0244,80.3408,250.1417
432.4188,47.0931,81.0281,251.4062
435.3222,45.0184,81.9192,251.6227
434.2622,45.2333,84.4355,249.7022
435.9850,45.0029,84.7685,249.2337
437.0867,47.4200,84.5098,247.7689
435.7643,47.3403,85.5227,248.4151
436.0982,49.7492,84.7962,247.6409
437.1194,50.2459,85.2615,246.8230
437.9488,52.4510,84.6795,248.3431
440.0438,53.5659,82.9751,250.1176
441.5977,51.6113,81.3561,252.8497
443.0840,51.9303,81.7837,252.3027
443.1140,52.6964,81.1658,252.5529
443.9314,50.6413,80.4573,254.9536
442.1271,49.9616,81.7979,252.7265
441.2378,49.9733,82.9466,252.3184
439.1028,49.2171,85.4610,251.2892
438.3731,50.1897,85.6798,251.0982
439.5735,48.6841,85.4011,250.3309
440.4290,47.1178,84.0412,253.0728
429.4363,49.6231,85.0770,249.1230
431.5644,47.4193,86.2685,249.0970
434.0535,44.4588,88.5936,247.8792
422.0049,47.1492,91.1662,245.2147
428.7038,37.8360,90.4248,247.6987
415.5978,44.0388,92.3300,243.9758
418.9296,35.9721,93.0668,246.0080
424.2787,30.8958,90.8274,247.5343
427.2267,27.1647,90.2214,249.2827
415.9968,32.2499,91.8046,245.0021
420.7486,24.8159,92.8310,246.1879
427.7598,20.7878,90.6764,246.6169
434.9854,15.0002,86.8655,248.6575
430.3983,16.5480,85.9788,251.9692
432.2083,16.8893,80.9777,252.6311
433.0232,9.3321,79.0518,255.8904
434.3559,4.6253,80.0685,255.4765
435.8878,3.4792,82.2529,254.1030
434.0660,6.0562,84.0445,253.4419
429.5728,8.4688,85.5710,255.0178
428.0143,7.7728,85.6802,255.1491
428.8727,3.8399,87.7387,254.2180
429.8633,1.2279,89.3410,255.2981
432.1034,-0.0948,88.5006,256.3196
432.4311,-0.3366,88.6391,257.0276
433.8951,-0.3644,87.5663,258.1850
435.7406,0.4508,85.6803,258.7275
435.7917,1.7085,85.0663,257.5127
439.8242,-1.2843,82.5332,258.6521
428.2517,2.3452,86.3290,249.9073
433.8709,4.9037,88.3446,244.2325
439.3994,1.9702,87.1316,243.9526
428.7843,11.3973,91.0676,239.9629
435.0327,3.3684,92.4507,241.7510
439.1733,0.8898,91.6518,244.6917
440.1471,-0.5118,90.2622,248.7979
440.4449,-0.6427,89.6326,251.0963
442.8367,-2.1196,88.0098,253.3339
445.0942,-2.9262,86.6800,255.0020
446.3901,-2.3653,86.0917,254.8144
434.3023,8.4854,90.9775,244.5365
442.1268,8.1148,90.8750,242.7825
447.2069,4.6527,86.3449,247.1593
437.0016,11.9411,89.6435,243.3803
444.0215,5.7846,89.5515,244.4897
446.6646,9.9222,86.7476,249.3976
433.2137,15.6688,88.9171,244.9114
442.0518,12.7220,90.0139,244.0747
444.3575,17.8189,87.6303,246.0561
446.8548,20.6969,86.4628,245.8204
448.5154,18.3399,85.4143,249.3656
451.4298,16.6113,83.7706,252.8699
441.0995,22.1984,87.9585,246.2174
447.1103,19.9412,87.8231,248.6139
447.7271,23.5961,86.7645,251.5737
448.0562,29.2864,86.3655,251.5017
449.9977,30.7543,85.4995,252.9421
447.9622,35.4108,85.7742,251.5189
451.4705,30.6243,84.9541,253.9597
436.3131,37.9231,90.2099,248.7438
442.4810,33.8764,89.2025,250.4441
430.5366,48.8129,92.7025,244.8828
435.4345,45.9371,93.8629,246.0533
439.8336,44.0855,91.9290,247.8037
438.5018,47.0282,92.5392,251.2289
427.6096,57.0542,94.4628,245.6424
434.6754,55.6718,93.2810,246.6148
439.9359,50.7014,89.0932,249.0406
427.5228,64.4690,91.6309,241.0359
432.4667,60.8472,92.0268,242.6335
438.4768,53.7831,91.0916,245.8270
427.9213,64.9891,92.8940,241.1530
434.5287,58.6642,92.0245,244.8217
438.4801,53.7293,89.3805,247.2534
443.2205,51.9977,86.9562,249.9284
431.8218,63.2386,89.1171,243.7475
437.5444,56.2305,89.5326,247.3401
443.0765,49.8476,86.6015,251.6048
429.7957,63.0968,90.4579,245.1176
435.4473,57.8401,91.1785,245.9907
439.0771,51.7352,90.1224,250.2442
442.8714,48.7953,87.2709,254.0353
441.0869,51.7873,87.4511,254.5625
442.4841,50.6934,86.4589,253.5751
442.8287,50.9617,86.2559,254.3366
442.8049,50.5590,86.7141,255.5447
442.3838,49.7236,87.1505,255.7897
446.3388,47.4497,86.8896,256.4844
448.5341,47.1867,86.6327,257.0688
432.0382,55.3512,88.6155,252.5950
438.0697,55.0344,89.6138,250.9832
442.8453,52.7408,89.2518,251.2305
446.3044,48.1623,87.4884,252.4742
431.1980,56.7588,87.9093,248.3607
434.0369,56.8972,89.1833,246.5597
437.6945,59.0614,89.8390,243.9314
439.3877,56.1741,89.4278,244.0802
440.5526,56.9613,89.0670,243.6960
438.7054,58.2882,90.4089,241.2237
438.1783,59.7414,89.9401,241.2822
438.1932,59.0225,89.9953,242.2285
438.6060,56.3760,90.7951,240.9662
438.0107,56.7367,88.6573,241.6167
436.2433,58.0911,88.7841,240.4739
431.6791,58.5487,90.6123,237.1109
429.8533,60.3127,92.2873,235.7580
430.1981,62.0318,93.2221,236.3618
426.9380,60.8283,98.0276,235.0478
422.6230,60.9356,101.1719,234.8297
421.5277,59.1220,104.5239,235.2821
420.0271,60.3228,105.8975,235.3890
418.3004,61.1276,108.4106,235.6712
416.8842,60.6427,110.1985,234.6388
415.8309,65.4026,110.4764,233.2097
412.4373,64.7546,111.5230,231.8758
410.2758,64.7829,111.1442,231.7145
407.2064,68.2249,111.2279,230.7283
406.0042,69.7416,111.2830,229.1189
404.1784,70.1803,111.5755,227.4771
403.2916,71.6029,110.4260,225.6166
403.4977,75.2794,110.6004,221.8700
403.4431,74.8229,109.0315,219.8983
402.5399,75.6097,108.4449,216.5608
402.3998,75.6080,107.1625,213.9588
400.5567,76.5097,105.7650,209.1228
399.0758,78.3573,102.7781,207.0480
398.5447,76.0491,99.5129,208.6466
396.8909,77.5766,97.1528,209.1741
396.1866,76.4111,96.5852,209.5592
394.7368,74.8873,95.9148,209.7358
394.0023,71.9148,94.7076,210.0551
393.0606,69.2115,94.7558,208.8878
391.8972,70.4086,93.2111,212.1384
391.1994,70.4043,92.3816,216.0252
391.3251,69.4787,93.1097,219.4774
389.1710,72.3116,94.0346,224.1479
389.1647,70.5173,96.1289,226.4308
386.4873,72.4033,98.2979,228.0626
383.2684,72.6120,100.6174,229.1549
381.6046,73.3969,102.0682,228.9056
378.8326,77.5309,102.6641,227.2592
379.5462,77.1677,101.7412,224.8829
378.9912,78.9564,100.2707,223.3499
375.0082,79.9165,98.9047,221.8182
371.7033,84.4090,95.4462,220.2651
370.7694,82.2359,92.5840,221.7709
363.2676,79.3863,91.7053,222.6709
363.1467,77.4945,89.4036,223.9743
360.6342,79.1596,88.1837,224.4754
356.6736,77.1182,87.2393,226.3387
354.7936,76.3642,86.9608,228.3790
352.8101,77.3854,89.5396,228.3369
349.9335,78.0106,92.1081,228.7099
348.0240,77.3639,94.9062,229.2835
345.7911,79.4028,96.2456,228.3317
359.5815,85.4603,97.2162,223.8085
349.0564,82.6525,101.0559,222.8260
344.1555,86.2862,104.8116,218.6656
362.4618,94.3826,106.2558,210.0377
367.1362,100.8475,108.1367,201.8617
375.1246,105.5880,102.7100,195.5596
385.6927,108.4805,98.6973,188.7458
386.2915,113.3909,93.8660,180.6402
386.3850,117.0880,88.7412,176.5680
385.4811,117.6594,84.8091,173.4381
384.3392,116.1166,80.8051,172.4507
384.4784,112.4834,78.9380,171.8728
382.2231,113.3043,79.0888,171.0775
379.9632,112.3631,79.0701,170.7051
377.6166,110.5926,79.4711,170.1971
375.6260,108.3006,79.0042,172.2572
373.9204,107.9455,79.6200,173.3829
369.1711,108.3063,81.5411,173.6195
367.0137,115.0769,84.2603,170.4182
360.5451,113.9363,86.9159,169.0159
360.8763,116.1135,86.4185,168.8450
356.3983,112.1491,87.8119,170.3271
359.8990,115.8057,86.2664,169.8420
359.7436,110.9192,84.1391,173.0853
351.0975,108.6321,83.8613,175.3481
353.9497,107.6834,80.8605,175.8693
353.0676,108.2691,75.4342,175.7276
351.6547,107.3193,73.3740,175.6832
350.8200,106.3071,71.2377,174.7316
349.6628,105.9798,69.9687,173.8716
350.2160,107.8906,68.8370,174.6926
347.8244,108.5539,68.6430,174.0780
348.3727,109.0189,67.8908,175.5632
348.9925,111.3416,67.4602,176.1931
348.2365,114.7450,67.0950,175.7372
351.0634,116.1580,66.6715,175.2237
354.7661,117.2408,65.0098,175.1686
357.4787,119.9111,64.9369,174.9422
361.2868,120.7870,63.8060,173.6898
363.7534,123.0160,63.0574,173.3593
366.8479,123.8601,61.5257,173.2060
367.1402,125.6829,62.3295,172.7040
369.8698,126.7095,62.5414,172.1216
371.6949,130.9793,62.9699,171.9466
371.3776,131.9575,63.4356,171.4949
370.4716,133.9068,63.6720,171.4239
370.1258,136.0070,64.0041,171.0981
370.5790,138.5320,64.1662,171.9690
370.5851,139.8479,64.9298,172.4022
370.0308,140.4352,66.0615,173.5111
368.1935,142.9775,68.0442,172.6349
368.7505,143.3701,67.7098,171.9028
370.5353,144.3111,67.3147,171.0129
373.2808,145.1433,66.3288,170.8969
374.7468,145.5075,66.2026,171.1746
375.8077,150.1726,66.7505,169.9581
377.5150,148.5011,66.8290,169.7303
378.6408,151.5195,66.5913,168.9645
379.6700,152.9806,66.7063,167.2323
380.5992,156.9134,66.0907,165.5682
381.4275,163.2131,65.9387,162.3271
381.8675,164.9103,66.4935,159.2590
381.9160,168.8370,68.7187,156.4474
382.0996,172.0008,71.2679,153.7936
383.0876,174.5661,72.4650,151.2063
384.7208,177.6300,71.0550,148.1549
384.7133,175.2935,70.2951,147.1096
384.2473,177.2653,69.7678,147.0240
384.5683,175.8436,69.6259,146.5418
383.8470,176.1833,69.5970,147.0705
382.8605,177.1289,69.7250,146.9811
382.3441,177.9588,70.2101,145.8128
383.1594,175.8100,69.8018,146.8491
383.7729,176.3463,69.9256,147.1873
382.4704,175.6864,69.2773,147.5431
381.2844,174.7718,69.2939,147.0946
382.8759,172.2457,67.2725,146.5177
379.1195,175.6078,69.1136,146.4956
376.9152,175.3206,69.7243,146.5140
374.5906,174.0080,72.7010,146.2570
373.2693,176.2200,75.0785,144.8642
373.1355,176.5845,79.2287,142.2304
369.4467,178.0154,80.8229,139.6043
368.3571,178.9255,83.1675,136.5700
367.9351,175.1733,84.0429,136.7425
366.4050,172.6998,84.0741,137.1862
365.3391,168.7977,83.6928,137.9664
364.5815,165.3815,80.7654,138.3398
367.5988,164.2806,80.1128,137.5239
366.2469,162.5936,77.6790,136.3072
366.6358,159.5269,74.6687,136.2300
366.4302,152.7760,71.5420,138.7570
366.3587,152.0404,69.9468,140.3843
367.4301,151.1101,68.5175,139.2954
366.8585,145.7568,66.1882,141.4647
369.9465,140.9272,64.7007,143.7911
369.7843,140.2336,62.9414,143.7126
368.7375,137.1015,63.0527,144.4310
370.9625,138.6249,62.0734,142.0960
371.7106,139.9708,61.6254,139.1165
372.9394,134.5879,59.5684,139.8128
376.4395,136.7171,58.2147,139.2100
379.4361,135.8657,55.7924,139.1630
382.1810,138.5696,53.8826,136.2327
382.2625,142.1412,56.2646,130.9723
380.1261,143.1796,58.0165,126.9189
359.4743,146.6777,60.5957,124.4141
359.1289,142.7001,62.8259,123.0478
361.7491,138.0217,63.0287,122.7996
378.6754,125.7363,62.8910,123.7993
371.7078,130.8765,63.9681,124.5259
369.4918,134.3640,65.4405,122.5728
369.5328,135.2741,66.1649,121.8129
368.3788,132.6072,65.5745,122.0820
367.5670,123.9656,64.1971,125.2091
365.8174,119.3240,63.1442,128.9476
362.7066,121.8901,63.6974,131.3931
363.3160,120.5169,64.3255,134.0496
360.7241,125.4139,65.8436,133.3197
359.9000,127.7798,67.0868,131.4293
356.6127,131.3402,68.8281,128.8751
353.6334,131.5568,69.7158,127.5285
352.2176,131.0015,70.6583,126.4770
351.3544,130.7791,69.8433,126.9141
351.4960,130.6245,69.1517,127.6620
349.4013,132.8800,68.7925,127.3670
349.1740,132.7716,66.8506,127.2327
349.4240,133.2080,65.8670,127.3448
349.7947,133.0198,65.0343,127.9417
349.3783,134.1330,63.8179,128.0284
349.1180,134.1384,63.3470,128.2643
349.9596,134.0168,61.1605,129.4564
350.3623,133.9292,59.4955,130.3509
351.7226,133.9279,58.7175,131.0746
351.9361,137.3748,58.3778,131.8521
353.0959,138.8865,58.0225,132.0887
353.5233,140.5940,57.5818,132.5242
351.9169,140.2549,58.4831,133.9192
351.9156,140.1313,58.9161,134.6536
351.0955,141.4465,59.2227,135.0190
348.9893,143.1141,59.4490,134.5273
349.3757,144.1047,59.1977,134.3731
346.7738,147.0269,59.7077,133.3158
346.9146,151.3181,59.5001,131.9720
347.4676,153.4222,58.5748,131.3740
347.9014,154.9984,57.7162,131.0780
348.4425,157.6761,57.5107,130.0684
347.2312,157.4961,57.0030,130.7839
348.5607,157.2476,56.2487,132.2982
346.4835,158.2753,57.0546,132.2246
346.2532,159.0737,57.5226,132.3103
346.2041,158.4030,57.2624,132.8361
346.6696,159.4382,57.1860,132.8917
344.3071,161.9757,58.0912,131.3478
345.4059,162.1971,56.8385,131.5610
345.2149,163.8382,55.5683,131.4908
345.6926,164.5812,54.3393,132.5983
345.0469,164.5042,53.7653,133.1408
344.3036,165.5667,52.9520,133.3623
343.2705,165.1797,53.6486,133.6518
342.0085,163.4305,54.0155,133.6964
341.6719,162.7680,53.1278,133.7042
341.6578,163.6746,51.9853,133.0549
341.2592,164.7029,51.7512,132.6645
340.8462,165.8853,51.4751,133.2907
339.7617,167.2939,51.9352,132.4729
337.4669,167.8296,51.9497,132.1641
335.3460,169.2700,52.7285,132.2450
331.9088,170.8415,54.6118,131.2107
329.6240,171.3196,55.2676,130.9641
326.7736,172.3292,56.4628,131.4815
324.5303,172.5411,56.9979,131.8608
322.1877,172.8388,57.2101,132.6064
322.6592,172.9337,56.5183,131.2757
322.5131,175.6543,54.9725,131.3064
321.3228,175.9409,54.9416,131.7794
316.8092,176.8732,56.7279,132.2791
316.1172,177.6680,55.5136,132.6023
315.5863,178.2404,54.6517,133.7130
312.9951,178.6203,54.5766,132.3308
312.2068,177.4676,53.6559,133.2454
309.1879,178.3268,54.0059,133.5066
306.0560,177.9176,54.1127,133.6808
305.2969,178.6297,53.0038,133.6693
302.8421,180.5094,53.1274,134.6433
298.6320,181.1188,54.1483,134.3168
297.6546,180.9960,53.2928,134.3858
294.8694,179.8244,53.1969,133.7608
292.5769,180.0919,53.2523,133.3689
289.1081,180.2269,53.6862,134.2040
287.5951,179.1227,53.6597,134.1248
284.2986,179.7368,53.6146,134.7440
280.7326,181.0371,53.8603,135.0858
277.7535,180.1010,53.8261,134.1470
274.2517,182.6175,53.9498,133.7416
273.8695,181.3488,52.9727,133.7060
270.8047,181.3209,53.6808,133.6894
268.7346,180.2845,54.1082,133.7915
264.3601,181.4441,55.3725,133.0379
261.8125,183.6348,54.4848,132.4568
260.0781,184.2176,54.2988,131.1543
258.3802,185.2511,53.0093,130.6648
257.3461,185.7138,52.6244,130.3513
252.0578,185.9057,52.9487,130.4618
250.0033,187.5961,53.4462,128.5239
248.5829,190.1521,53.2032,126.9029
244.9161,190.0388,53.4161,125.7427
242.9646,191.1257,54.1510,125.5943
239.8660,191.8711,54.3197,125.3511
238.7140,191.8719,53.6746,124.5515
236.5798,194.5006,54.2685,123.2476
234.3526,194.8118,54.0482,122.2059
233.4036,195.1487,53.6237,121.7284
230.5842,196.1212,54.0614,121.0735
226.9563,194.6368,54.3248,121.3650
224.8277,195.5455,54.3054,122.0977
224.6537,194.7354,53.6823,122.6552
