1
326.0019,307.5958,24.0862,31.2747
326.5078,304.4373,24.7432,30.3021
326.9496,305.0490,25.2994,29.7893
324.4969,309.6069,25.5545,29.5080
322.7269,310.3611,25.2944,29.9643
322.9665,307.7216,25.7403,30.7274
322.0643,305.1143,25.9264,31.3041
321.6483,304.6321,26.2224,30.6826
318.8096,305.7128,25.9655,30.5204
315.1465,305.7002,26.4051,30.5238
317.0234,303.7277,26.1012,30.1300
318.5721,300.2714,26.2497,30.7976
320.4673,304.0363,26.2342,30.8474
321.6970,309.8845,26.3880,30.5503
321.6169,307.9488,26.5534,30.4162
321.4995,307.8253,26.6793,30.3031
323.7039,307.2056,26.2833,30.3346
325.3911,305.9330,26.6064,30.0965
325.5982,308.6489,27.2895,29.8073
325.6667,312.4118,27.4891,30.2431
325.6633,313.8806,27.4536,31.5521
328.6169,313.3000,27.6372,32.3082
327.9824,312.1547,27.8803,33.2458
324.9499,309.3420,28.6420,34.3230
323.2933,308.8766,28.8738,34.2392
320.5444,309.1666,29.3252,34.4655
318.6958,309.3535,29.9215,34.8578
319.0438,310.8390,30.4103,35.3281
318.0727,309.0959,30.9532,36.0775
316.1508,310.1348,31.0137,35.8215
316.4826,308.6403,30.8102,36.2564
314.7502,307.5325,30.7362,36.2812
314.5476,309.3599,30.9619,36.1376
316.7057,308.4490,30.4432,36.1223
318.9562,309.0971,30.2878,35.8869
318.9615,312.3195,30.9373,35.6829
319.9515,315.4709,31.0352,35.9079
321.9695,311.7434,30.9013,36.7257
322.3850,309.7274,30.9374,36.7289
323.2709,309.8519,31.3766,36.8302
323.8497,309.8329,31.5540,37.0728
322.9703,309.3788,31.8682,37.5646
318.1328,309.2850,32.2271,37.3545
317.2638,314.8884,32.8818,36.3643
316.1391,314.8282,32.9788,37.1323
315.7860,315.8071,33.3459,37.4133
315.0067,314.0929,33.5547,37.6145
313.4663,314.4316,33.0058,38.2983
313.6045,312.6670,33.3215,39.0172
314.6465,308.7687,33.5583,40.0458
316.0151,303.9705,33.8754,40.7139
315.7224,303.3503,34.5766,40.8845
315.2536,303.0629,35.3628,41.0690
316.5915,305.1094,35.8167,40.9740
319.1994,304.2939,35.4550,41.9236
319.8933,304.6482,36.2043,42.2232
322.2764,304.6360,35.5782,42.1173
322.8990,306.5987,35.3527,41.9966
325.4995,304.7402,34.7920,42.5452
327.3145,300.5580,35.0690,43.3181
327.4562,297.6971,35.2603,43.4101
327.7477,300.1923,35.9227,43.2990
327.3683,291.7518,35.6808,44.4342
325.2763,288.0608,35.2377,44.8149
325.7597,286.9430,35.2972,44.4880
327.3924,283.2455,35.0833,44.7364
328.0167,285.4257,36.4654,44.8850
327.9297,294.0227,36.7743,44.0808
327.0651,294.1589,36.9552,44.7087
325.9005,290.3402,37.2086,45.7652
323.3702,290.0778,36.8052,46.7569
321.8687,293.2894,36.8391,46.9164
320.7165,291.4380,37.4162,46.9851
320.9585,288.3902,38.4083,46.3859
316.0921,283.6302,38.7540,47.2443
313.6437,281.7942,38.1475,47.5813
311.3955,285.4129,38.6949,47.6237
309.9963,286.6766,38.6120,46.7684
309.9669,282.6223,38.7668,46.7027
310.5154,283.9127,39.0268,47.1593
310.9104,284.2794,39.0773,46.7429
314.0401,282.4144,39.7231,48.1859
312.8894,280.0751,39.6392,48.4943
310.4833,279.5693,40.1781,49.3939
305.6921,279.4119,41.1287,49.0690
304.9983,281.9812,41.4371,49.3657
301.6107,284.6772,41.6799,49.0563
301.0583,286.6949,41.6795,49.2582
298.8985,287.2827,41.2536,50.1744
298.5511,285.8978,40.9973,50.2948
301.0578,283.5076,40.5069,50.5800
303.7215,279.3729,40.1536,50.9933
304.4481,280.6749,40.9690,50.3117
305.2641,281.6715,41.4535,50.1508
308.5421,283.4140,41.1961,50.7593
307.8106,285.6028,41.5555,50.2288
309.1945,288.5056,41.7452,50.1327
309.4214,289.4424,41.9330,49.8861
309.4257,285.7779,41.9319,50.9845
309.1398,284.2528,42.2500,50.6979
311.3630,287.3683,42.1168,51.2465
310.9688,291.4218,43.0125,51.1145
310.5929,290.8370,43.1728,50.8501
314.1358,287.7160,42.8201,52.3725
314.2952,286.9377,42.9797,52.2953
309.4263,286.0222,43.7329,52.0979
308.6482,284.4746,43.5683,52.1408
309.5344,280.7722,43.6902,53.4250
312.1314,280.5214,43.9000,52.2483
312.4630,284.0896,44.9680,52.6378
312.6376,287.1602,45.6842,53.1608
312.8075,288.1630,45.6843,54.0835
311.7012,286.6099,45.9489,53.4482
309.9334,286.9214,46.3960,53.1434
309.9923,285.8422,45.9069,53.1889
308.9903,285.5449,46.0468,53.4608
305.2275,283.2522,46.2040,54.0763
306.9087,284.5388,46.6504,52.6340
306.6418,286.3438,46.5517,53.2170
305.7419,288.2176,46.8808,53.3222
303.1112,286.1120,46.9214,54.7208
303.6345,278.0367,46.7840,55.6148
304.0031,269.7619,47.1206,56.8630
302.7406,272.9128,47.2426,57.1026
303.0307,278.6389,47.1828,57.8254
302.5880,281.7521,47.2592,56.6014
303.6411,281.6735,47.6917,56.9393
303.5723,279.3151,47.4659,56.5699
306.4698,281.0549,47.4046,57.2656
307.4586,283.7314,47.6025,57.7066
307.6553,284.0727,47.7017,57.7366
308.9445,283.8807,48.1972,57.3721
308.8607,284.0584,48.6009,57.3304
308.0979,281.3658,48.5315,57.0646
307.7560,283.2121,48.0218,56.8050
309.3986,284.4937,48.2299,57.0047
308.8441,282.6127,48.5779,57.0519
308.1714,281.9549,49.0823,58.3926
306.5738,282.0356,49.3386,57.8562
305.2302,282.2331,49.7546,56.8980
302.8994,284.3911,50.1429,57.4997
302.6449,282.0061,50.8474,57.7889
301.1118,284.2000,51.6301,57.6362
301.7910,285.2794,52.0442,58.2319
301.9596,285.8906,52.0942,58.0352
303.5035,283.9738,51.6686,58.5824
305.6792,283.3406,51.5815,58.1462
306.4032,283.5896,51.7777,57.7686
304.6534,281.6772,52.1552,57.1920
305.9991,281.4184,51.9290,57.5639
306.0757,282.0962,51.6912,56.6691
307.0614,283.6068,51.6502,57.8605
305.8697,282.7797,51.8577,57.5825
303.7874,284.2319,52.4186,59.0099
302.0244,284.5587,52.4995,60.0042
302.5508,282.4579,52.1259,60.4161
303.8587,281.9044,52.1724,60.3097
302.6836,279.9106,53.0259,61.6208
300.3519,277.6861,53.0484,60.3729
299.5360,277.4360,53.2198,59.5854
298.2277,277.5988,53.1392,59.6061
297.4969,276.5092,53.7316,61.3537
296.9430,280.3147,54.2649,61.4739
296.1468,284.1227,55.4836,62.3547
294.7413,285.0638,55.6134,60.9339
293.9935,284.9732,55.6400,61.3684
294.6153,284.3298,55.2564,61.1825
296.1982,285.8619,55.0876,61.4772
296.5356,283.7571,55.1600,60.6207
294.9376,283.2223,55.1101,60.7231
295.3656,281.7628,54.2687,60.4971
295.3294,281.2473,54.6413,60.7911
295.3207,281.2190,54.4580,59.9211
294.6761,282.0590,54.2892,60.6087
294.5173,284.6841,53.9135,60.6807
295.2442,286.5241,54.4405,60.4786
296.1186,285.8080,53.9153,61.5472
295.8626,279.6689,54.8476,60.2769
296.3296,281.2816,55.3948,59.3928
296.3457,283.3537,55.5614,58.9004
297.2004,284.6067,55.0744,58.6090
298.3576,285.8239,54.8933,59.3189
299.7974,284.8584,54.6882,60.3480
300.5466,282.5586,54.3477,60.2817
301.7221,282.7497,54.3870,59.8773
302.3731,281.8564,53.5743,59.6480
302.0943,280.5812,53.9438,59.7301
303.3731,281.3445,53.3482,60.6128
304.0444,283.5096,53.0016,61.5960
304.2999,286.1289,53.2699,61.3856
303.0924,285.9503,53.1026,60.9489
302.4703,287.2584,52.7131,59.5404
303.0106,290.0994,52.5345,59.5680
304.0611,290.3639,52.5098,59.8892
304.1704,287.8584,52.4049,59.4527
304.3087,287.7468,52.2632,58.1576
304.0133,287.9182,52.1562,58.1459
303.5714,287.9985,52.3905,58.5753
301.8495,286.6166,52.7559,57.9042
301.0974,287.5866,51.7273,56.9946
300.3262,290.8595,50.9381,56.9868
299.2725,297.3389,50.2552,56.0379
299.9304,295.2640,50.1056,56.1370
300.6763,290.8194,49.7516,55.2452
302.1292,293.2713,49.7812,55.7802
303.5301,296.9544,49.8709,54.8170
305.0369,299.3455,50.0806,54.6835
304.5267,300.2274,49.4928,54.6880
304.7903,295.6045,48.6580,56.1273
304.5174,295.3955,48.5702,56.5982
307.9707,295.8020,48.1427,57.0623
308.4159,295.1101,47.7481,56.8477
307.6879,294.6864,48.3886,56.7022
307.9530,296.0247,47.8795,56.5441
306.3687,301.7848,48.2660,55.5261
306.1561,301.7216,47.8644,53.7716
306.0984,298.8251,47.4366,53.1584
306.1725,298.5799,46.7092,53.3863
305.5593,298.9735,47.2074,52.4791
306.1422,299.8122,47.3720,51.6251
307.3496,299.8634,47.5653,52.7202
311.0108,299.6295,46.3891,52.5204
311.0952,299.3726,46.2672,53.1830
311.0833,300.3021,46.3223,52.4878
311.7303,300.5172,46.4719,52.0808
312.5767,300.5602,46.0374,51.4526
312.6898,301.8063,46.1934,50.7995
313.9023,301.4376,45.9051,49.8694
314.5683,302.1429,46.1179,50.3373
313.6149,300.1512,45.4922,50.5387
313.5424,300.0067,45.1355,50.2818
312.8041,301.2614,44.8636,49.5499
312.8129,303.5780,44.4657,49.3023
311.9714,304.6017,44.2422,48.7102
311.7156,304.2095,44.0189,47.9096
309.3309,304.7405,43.4173,47.3680
308.4762,307.1902,43.4759,47.1129
309.1620,306.6265,43.1000,46.1888
308.7852,305.3462,43.1279,46.7068
309.1583,304.9291,42.5955,46.2679
309.4896,303.0497,42.8387,45.4640
312.3456,303.9174,42.3571,45.5066
312.3528,307.5142,41.9780,45.3512
312.5893,308.7114,41.6626,45.7961
310.6801,307.6774,41.4742,45.1947
306.5045,309.0709,41.1524,45.1816
305.6372,311.4430,40.8180,44.6416
305.4295,310.6513,40.6828,43.5562
305.2171,309.3526,40.4971,43.9624
305.3930,307.5902,40.0452,43.4944
306.3265,308.6287,40.1519,43.3048
307.5822,304.9409,39.3731,43.5092
307.2243,305.2362,39.4259,43.6709
308.3947,306.4049,38.6570,44.1292
309.5419,308.7094,38.9422,44.7663
309.2969,307.7015,38.9700,44.2229
309.2760,307.7952,39.0108,43.9013
308.4215,308.1837,39.0189,43.7110
309.5198,307.5408,38.5627,43.9492
310.5714,309.0578,38.1600,43.6960
310.1699,309.7599,37.9218,42.7663
309.2013,309.4504,37.4937,42.6259
309.5928,309.5849,37.2723,42.2744
311.1282,308.8132,36.6721,42.9560
310.9010,307.8340,36.7732,42.0452
313.1335,310.1954,36.1610,41.2933
314.4887,311.5499,35.8911,40.6887
314.3419,308.5347,35.6994,40.9781
313.8099,304.2678,35.6667,40.8442
313.9986,306.1762,35.3705,40.6814
313.3265,306.3160,35.0929,40.4869
313.1958,307.8847,35.0515,40.6374
312.2848,307.7433,34.3859,40.5143
311.7658,309.8070,34.6721,39.7362
311.7414,309.7945,34.4125,39.9208
311.0947,308.3287,34.2560,40.0482
311.0522,305.9144,33.9244,39.4817
311.3977,307.2118,34.0278,38.5687
310.6962,310.3788,33.2991,38.0015
310.7495,312.3237,33.0576,38.0186
310.8241,312.6526,33.0892,37.5105
310.5292,312.9677,33.1462,37.3193
311.8169,312.4925,32.5127,37.5162
312.8765,313.3775,31.8579,37.2911
314.0995,310.4142,31.4257,37.1869
313.2826,309.7456,31.0708,37.0825
314.8349,310.8020,30.3145,36.8813
317.2289,315.4627,29.8725,36.7799
318.3650,319.9851,29.8536,35.2846
318.5420,317.9702,29.7959,35.1673
318.7210,312.0636,29.6210,35.3229
320.0786,310.8063,29.2173,35.5853
321.1680,310.1404,29.3053,35.4124
321.3722,311.0015,29.5235,34.8213
320.7269,311.2235,29.4053,34.2794
320.0140,312.1281,29.1454,33.6926
319.8608,313.6216,29.0557,33.5409
319.5221,311.9687,28.9121,33.3719
319.8783,312.8232,28.9425,32.5500
319.2610,314.8203,28.5822,32.5936
318.0744,313.1576,28.1083,33.1703
317.6422,314.2194,28.6243,30.9754
317.3395,316.7914,27.9500,30.6681
318.2988,315.7249,27.4679,30.4321
318.7836,314.1926,27.4796,30.5748
320.8582,315.2792,27.0325,30.6141
323.6011,316.2139,27.6436,30.8969
319.1740,310.8136,27.7709,30.6449
322.6075,313.9811,27.2521,30.0058
322.4516,323.1115,27.1975,28.9637
318.6275,322.3776,26.6225,29.2505
