1
276.8281,66.7978,21.2184,65.0423
277.1349,66.1664,21.3913,65.4538
275.7322,66.4363,22.3458,65.0878
275.6290,69.1733,23.9328,64.2295
274.3978,67.8991,24.1171,64.0809
274.6056,68.6184,24.2769,63.8809
275.5378,66.8637,23.8705,63.7085
275.6938,66.4723,24.2399,64.1908
274.8329,66.0934,25.3405,63.6101
275.0536,68.2303,25.4695,63.8954
274.9776,67.6967,25.3385,64.4087
275.2118,68.3928,25.2512,65.2112
275.6915,64.0652,23.9764,66.8959
276.8253,64.8844,23.6383,66.6709
275.4275,65.3705,24.0995,65.6939
276.0368,67.3514,24.5173,65.0782
274.7279,67.5885,24.1160,64.3953
275.0178,67.7350,23.5888,64.5935
275.2823,65.5212,23.1763,64.9359
276.1600,67.5753,23.3281,64.9570
275.3842,66.4444,24.1462,64.8795
276.8848,67.7528,24.7642,64.7621
277.5754,67.2229,24.2639,65.0541
276.0425,65.6267,23.6259,66.0203
276.2911,62.4028,22.8312,66.5397
277.6561,64.2247,22.6196,66.1939
275.9428,64.4678,23.2087,65.9825
275.7540,65.2188,24.0804,64.9118
275.4071,66.1775,24.5780,64.5951
275.6506,65.5589,24.0942,65.6301
275.0582,63.5488,23.6894,65.7173
276.1516,63.7241,24.6469,64.7518
275.2906,64.6831,24.8920,64.3053
276.3903,64.7913,24.1858,64.5790
276.7407,65.0233,23.7788,65.3689
277.2058,64.0747,22.7018,67.1126
276.8139,61.1532,21.9219,67.9232
278.4142,62.5155,22.0438,66.9455
276.0257,62.6933,23.0984,66.0152
276.3643,63.8863,24.0063,64.8865
275.9771,64.6641,24.0132,65.5695
275.2593,65.2474,23.5921,65.9408
275.4250,63.7193,23.6923,65.9125
274.8529,62.5189,24.6676,65.0981
273.9782,63.8029,25.5965,65.3252
275.7205,64.5372,25.7199,65.9134
276.1228,65.5854,25.3979,66.8688
275.0288,64.6814,24.3567,68.0266
275.7252,63.1009,23.7511,67.9142
275.6887,62.8689,23.9312,66.6050
273.9633,63.9334,25.1985,65.3301
273.7792,63.6218,25.5174,64.6433
273.1966,64.1491,25.2787,65.8644
274.1568,63.9549,24.5979,66.6760
273.8288,62.7880,25.2411,65.5724
273.6948,63.3244,25.7442,65.9240
273.7907,62.6608,25.7011,66.7428
273.1584,63.1415,26.9136,66.3897
272.7735,63.9954,26.7667,67.5178
273.1820,63.5439,25.7411,68.5786
273.4612,63.5086,24.7729,69.1848
274.4840,62.0644,24.2139,68.0610
273.8867,62.3720,24.9476,67.1639
273.7317,64.4094,25.8758,66.4711
272.4081,65.1774,26.2504,68.3476
271.2933,64.6784,26.2524,68.2742
271.8333,63.4148,26.7995,67.3852
271.0851,63.3417,27.7748,66.3856
271.8615,63.1164,27.4080,65.8184
272.0624,66.0748,27.2366,66.6015
272.1396,65.4936,25.8506,69.3228
271.2794,63.3255,25.1503,71.0773
271.5029,63.9361,24.8716,71.6261
271.8181,62.3690,25.1295,70.3458
270.4982,62.9045,26.0696,69.3912
269.5938,64.3992,26.5284,70.7349
268.7752,65.4367,27.1725,71.3443
268.3718,64.4479,27.3551,71.5526
267.7805,63.0554,27.7268,71.0110
266.9936,61.1856,28.4409,69.6750
267.0736,63.6950,29.0163,69.8073
266.6705,63.7035,28.8266,72.3841
266.4265,63.0418,27.5465,74.6371
266.0224,60.2204,26.4222,76.2943
266.1185,59.6611,26.4602,74.6348
266.2065,60.7031,27.1777,73.7250
264.4309,61.4473,28.0822,73.2695
264.3524,62.4898,29.1525,73.6170
263.0034,64.6400,29.3145,76.3087
263.1598,63.4905,29.0509,77.4164
264.0809,62.4501,29.4258,77.5910
263.7877,62.8598,29.2901,77.8193
265.5907,63.4389,29.9860,77.2024
266.4284,68.3684,30.3917,77.2005
264.9381,70.5649,30.3891,77.5143
265.4857,71.1401,29.4424,77.8503
265.8476,71.5071,29.1646,77.4726
267.3391,73.8913,29.0796,77.5399
268.1183,75.0282,28.8863,78.2906
267.0906,74.8923,29.7516,78.2854
265.7896,75.0780,30.7167,78.1315
263.8711,74.3367,30.9648,77.1138
263.3683,73.5062,31.3357,75.4132
263.8130,72.5001,31.2838,74.3477
264.3456,73.3542,30.7667,73.8271
264.4253,72.9677,29.9943,75.3245
263.5663,71.0604,29.5122,77.4117
263.6537,69.0354,29.0260,78.3318
262.2462,68.4342,28.3816,79.7016
263.9040,68.5331,28.9873,79.9602
262.1612,68.5813,30.3032,79.8649
260.6156,69.5654,30.9880,80.3985
261.2664,68.7219,30.5260,79.9082
262.6325,68.7290,30.3786,79.4132
263.3763,69.7517,30.1422,79.5612
263.9608,69.0850,30.1640,77.9861
263.1610,69.3012,31.1375,77.2655
264.6765,68.9346,31.3009,78.4516
264.8849,67.3813,30.9410,80.5318
265.6947,65.2400,30.9280,80.3704
268.0942,66.1935,31.0066,80.2067
269.4405,67.5253,31.6889,80.6143
270.4384,69.4712,32.7523,80.9830
271.4621,68.7458,32.6898,81.5693
273.4738,67.2644,32.2958,81.7785
274.4985,66.1725,31.5404,81.2147
274.9967,66.7912,30.6963,80.6510
275.0729,68.1449,30.8170,79.7131
274.8953,68.4345,32.1185,78.5977
275.7701,67.8308,31.7823,79.7634
275.4733,66.4825,31.8879,80.6962
276.9386,67.7272,31.9839,80.3141
278.3656,68.8295,31.6088,81.2797
276.7756,70.0321,32.1489,81.9553
276.3268,70.2434,32.8390,82.4378
276.0337,68.5874,32.7500,83.0774
276.6252,66.5996,33.4101,82.1043
275.8022,66.1825,33.2044,82.0340
277.2314,66.2241,33.4115,82.1720
278.9658,67.0740,33.4246,82.2445
279.0259,66.7249,34.5952,83.2895
278.2751,65.3197,34.6440,84.4936
278.3746,64.8913,34.9515,83.3666
279.3923,65.1981,34.6402,82.7566
279.8272,66.2588,34.1600,82.7980
281.9346,68.3586,34.9597,81.8944
280.5787,69.0228,36.6788,80.9535
282.3270,68.6916,36.7099,81.6419
281.0916,66.6226,37.5719,80.9707
282.1827,67.4343,38.4067,79.3539
282.7115,69.5102,38.2445,79.4818
282.4335,70.4292,37.9762,80.3269
280.8812,68.0054,37.4085,81.0278
282.5841,67.3020,36.4373,82.2728
283.4310,65.8711,36.2898,80.9741
284.6135,66.8026,35.2630,80.4497
284.3506,66.2098,35.9714,79.7772
285.2941,66.0449,36.0283,79.9009
286.3062,63.0526,35.1545,80.7477
287.5362,60.3832,35.3488,81.0206
286.0595,59.2012,35.2417,82.0647
285.5215,59.6491,36.3480,82.1498
284.7039,59.1874,36.8118,82.3203
286.9392,59.4021,36.3716,83.0605
286.6150,56.1021,34.3964,86.1511
287.3864,53.5481,33.3806,86.0117
287.0866,53.5256,32.9864,84.2372
287.7106,53.6345,32.4388,81.2591
289.9518,58.0697,32.6379,82.6494
287.8451,58.7503,33.8737,84.8084
288.6789,58.7612,33.5634,86.1331
289.1506,56.5297,33.3512,85.5755
289.1352,56.7614,33.2415,85.8335
288.7831,56.9954,33.6660,87.4305
288.7302,58.6030,34.3413,88.0592
289.0459,58.6968,35.1511,88.5922
287.7108,57.5588,34.8672,88.7561
287.4061,55.3527,34.8613,87.2855
289.4661,55.6107,34.5886,85.1410
291.2341,56.3721,33.0939,84.8256
291.7385,58.0295,33.1892,86.1717
292.0611,59.1267,31.9915,88.4862
292.5536,57.3898,31.2183,89.4959
293.4508,54.7816,30.7287,87.8522
292.6794,53.7321,30.8332,86.5496
294.1390,55.0145,30.4464,85.7600
293.7197,57.6014,30.4202,86.7404
293.4836,58.4903,30.7051,88.3067
295.1223,56.6081,29.1624,91.0210
292.8740,53.8662,29.6206,90.2501
292.7971,53.1751,30.0143,86.4914
293.4044,56.5751,30.0788,84.2638
294.6217,58.1053,30.1967,85.5563
295.2445,59.8217,30.2538,87.9261
295.8445,59.0664,29.3734,90.2747
295.2702,55.4745,29.0659,91.1506
295.1879,55.2133,29.1664,91.0038
295.8402,55.0274,29.0283,90.4301
295.3879,57.1130,29.6564,91.0008
294.4120,57.9869,30.5830,91.8654
295.1179,57.4220,30.0869,94.4780
294.0594,53.0926,29.3163,94.4469
294.1570,54.0371,29.9138,91.4889
295.0387,54.2292,28.9493,89.1419
294.1128,56.7267,29.9194,88.1412
295.6469,59.4329,30.0783,90.2476
295.3353,59.0395,29.9771,92.6125
294.2747,56.0899,29.9168,90.9106
295.4815,55.7974,29.6746,91.9879
295.6437,57.2596,29.5813,93.5929
295.1418,58.0138,29.8545,95.8126
296.3333,57.6362,29.8590,98.0874
295.6870,57.2291,29.9807,100.2036
297.0122,55.5087,29.8824,99.8598
294.9030,53.7309,30.3232,98.2634
295.8915,53.7050,31.3925,94.4942
294.8824,56.9342,32.0181,94.9918
296.1550,60.8131,31.7781,95.7750
295.6714,58.7323,31.8370,96.3675
296.1196,55.8247,30.8656,97.4224
295.3386,54.1766,30.4252,96.4930
297.1722,56.2748,30.4632,95.9545
297.9699,57.5368,29.4946,98.0837
296.4796,55.2738,29.5947,100.0306
297.0809,55.6197,30.4180,101.6977
296.4821,51.9335,29.3886,102.1842
296.4644,50.2107,30.6234,97.3255
297.3953,52.7685,30.8276,92.8086
299.0914,54.5533,29.9172,91.1474
298.6327,59.7794,29.9496,94.1080
299.6642,58.0244,28.1876,99.5595
300.2416,55.0262,27.6331,101.6930
300.7765,53.9737,26.9073,103.7763
301.7009,55.0738,26.8382,106.1144
302.8617,55.2562,26.1448,107.0604
301.6748,57.5160,28.1827,106.4795
302.6458,57.1269,28.5820,106.8453
302.8898,54.3024,29.2440,105.3579
301.1999,50.7640,29.1733,100.9535
300.3981,50.3309,28.8943,96.4784
302.2611,56.5896,29.7062,93.2068
301.1418,56.8376,28.7036,95.3937
301.9106,61.4642,28.5540,97.3010
303.5261,58.3107,28.1434,101.6159
303.7420,58.1898,28.5080,103.4870
303.9987,58.9374,29.0989,105.5349
304.8713,58.6771,30.0589,107.8150
304.9565,60.5075,31.0280,111.0703
299.9706,56.0423,31.8665,113.8295
301.2977,53.4124,32.4498,113.1822
301.5577,50.8932,33.4215,107.2233
303.0078,51.9476,33.1410,103.2453
303.6735,54.2586,33.9357,99.6722
305.1428,61.3040,34.2690,100.1092
300.2408,55.4354,32.6994,102.0218
302.6442,57.1200,33.3177,103.2696
304.5700,56.4073,33.1421,105.4006
299.7812,58.8096,33.1670,106.8389
302.9120,58.9791,31.8714,111.9590
297.8264,58.1518,34.4177,113.7586
299.7523,58.7749,34.8106,117.2462
300.2126,51.7032,33.2412,117.5344
301.2848,51.0230,33.0855,112.4215
301.9914,50.1095,32.9139,109.3145
302.4486,54.3758,34.2767,105.2272
303.0675,56.3399,34.0186,106.7962
304.6816,57.6815,33.6757,108.0841
299.1817,51.0607,33.8321,105.7405
301.4037,55.9274,34.2236,108.5310
304.3034,57.3814,33.7922,112.3083
304.2755,57.2991,34.8445,113.1279
299.2947,54.5644,35.5168,113.5079
301.5399,58.2498,34.6109,114.9842
301.4882,55.7491,34.8200,114.1147
301.8540,53.4208,35.0766,112.7035
302.5028,49.9029,34.2513,111.0136
302.0754,55.8281,35.8340,106.8141
302.7747,57.4636,36.1324,108.2791
297.9441,56.9517,35.2126,108.4043
300.6718,58.4701,34.3617,111.7810
302.2735,57.4668,35.6060,112.8894
304.3893,62.6320,35.4666,116.7378
306.6310,64.1871,34.6813,121.8573
306.1176,59.4802,34.9904,125.9563
298.9040,58.4712,36.7661,124.4366
299.2377,55.1614,37.3413,120.2465
300.3688,54.4011,36.7720,117.4108
300.3885,54.8845,36.4497,113.9083
299.0166,54.8198,37.4302,109.4857
298.7698,56.5483,38.7205,109.5819
300.2163,58.0430,38.6722,110.6377
294.2325,56.1708,39.1827,110.3080
296.0292,62.7687,37.1162,116.9231
297.1924,62.6413,36.8755,121.3630
300.9271,64.4700,36.7819,123.6575
293.5998,67.4689,38.4477,125.0297
295.5536,64.3387,39.3752,129.4582
295.7668,58.5554,38.1337,131.5646
298.2662,58.3754,37.7342,131.6695
298.8183,57.3612,37.3809,127.7708
290.7179,59.3821,38.9046,121.7867
291.3029,60.3069,40.2818,120.3529
292.0275,59.8624,39.9201,122.5606
290.7264,60.6564,40.2719,122.6193
290.2290,60.1860,41.2306,122.8841
289.4235,63.2229,41.3541,126.1457
287.2024,62.5797,41.2404,128.9731
285.3047,59.9936,41.1508,132.0468
282.0693,60.8969,42.0945,135.1691
280.6343,59.2411,42.6391,137.1299
275.7767,58.7325,44.0567,134.6021
279.6302,58.6231,44.1847,132.1100
280.0985,62.2638,45.4201,132.0875
278.8549,63.7853,46.4535,134.3036
277.1376,63.8784,47.7169,135.1396
273.8593,61.9431,49.1798,132.9986
270.6599,62.0742,49.9136,129.8983
271.0511,63.8797,50.1385,129.3897
270.4529,67.8370,51.7969,130.0233
271.4196,66.8866,53.0316,132.6249
271.4044,65.0432,53.2084,135.1408
270.6724,60.9379,52.9690,133.2689
268.4089,61.6241,52.8251,136.0165
267.2067,65.2316,54.0160,136.2999
267.6947,66.8344,54.5407,137.2757
265.8799,67.1855,55.6085,137.0676
266.0538,62.6694,55.2040,139.7326
264.8322,60.0211,56.8195,135.4476
264.8141,59.6936,55.5088,133.4161
264.1022,60.1985,55.9928,133.5559
260.6077,65.7877,59.4919,132.1838
259.5871,68.1646,61.8345,130.2749
257.8968,68.9221,62.2422,132.9038
258.5989,66.4052,61.8521,135.8746
258.4400,63.3927,60.6870,135.8037
259.6147,64.1988,56.9244,137.5188
259.6801,67.6611,55.4192,137.8749
259.6721,66.4931,54.9507,141.1079
258.8679,63.5227,55.2524,142.9826
258.4637,61.5951,57.4668,140.6694
256.2486,62.7405,60.0216,138.1654
252.7948,63.8646,63.5451,136.4769
251.0811,67.8026,67.5888,136.4110
252.3943,67.0833,70.6252,137.7749
251.0417,65.4010,70.5651,140.4150
249.3255,63.6929,69.0808,142.7247
248.7509,58.8521,66.9398,141.3521
254.3511,59.3405,61.1587,143.4874
254.2684,61.6015,57.0283,146.9087
255.7996,63.7267,56.7793,148.0197
255.8191,62.8708,57.2255,149.7322
256.0068,60.5108,57.9692,150.0385
254.4523,56.4123,59.5195,147.5002
253.8796,57.6968,60.1936,146.6554
252.0278,60.6232,61.4120,148.3743
254.8639,62.3160,63.1484,149.7424
256.1524,62.6280,63.1274,150.7594
256.5875,58.5569,62.5779,152.3649
254.6530,57.0221,62.7500,150.6510
256.7807,57.6022,61.8774,149.0818
260.9022,57.8813,59.0912,150.5503
259.1551,62.8623,58.9614,152.7829
259.4161,62.6176,59.3092,154.4289
259.9160,62.9079,60.6093,155.3190
259.6317,58.3650,61.8192,155.6178
259.5935,57.1870,63.8727,154.9490
257.9741,59.2838,64.4008,156.0459
260.8263,59.5559,64.5677,157.0293
262.2731,61.4866,65.9596,156.5496
263.5908,61.3659,66.2462,156.0705
264.0908,62.8097,66.1998,154.5632
263.9876,59.5572,65.7636,152.0433
266.4034,58.6541,63.2686,154.4925
267.9052,61.2535,60.2190,158.8091
270.3868,60.2421,60.7228,161.2457
270.3954,61.2561,61.9159,161.3423
270.6212,60.2594,62.6788,160.8136
270.1893,57.2629,64.3295,157.6747
270.2165,59.5171,65.0473,157.5227
272.1311,60.5039,64.1880,157.3480
276.8509,59.5259,61.4083,157.7712
275.0958,60.3816,62.4300,158.8419
277.5465,60.2645,63.4822,161.4279
277.3909,57.6019,64.7260,160.1007
278.1470,56.6798,64.9148,158.9931
280.2723,55.6790,62.2785,160.4464
280.2589,58.5569,62.3058,158.7052
281.3575,60.0882,64.2836,159.0344
281.2029,60.6332,65.0143,162.3879
281.9520,57.8963,66.2034,164.5023
281.6564,54.6034,66.6001,162.4998
283.0946,54.5821,66.3124,163.7139
285.2716,53.2333,64.6117,163.7811
287.4803,52.0521,63.1842,163.8824
288.0076,53.7995,63.3001,165.7134
288.0225,55.4047,64.9519,169.5251
287.3098,51.9533,65.2027,169.6872
287.2068,49.7764,64.8769,170.4705
291.5209,47.6565,61.0866,168.9358
293.5598,52.7726,61.1512,165.8925
293.4648,54.4433,63.6696,164.5083
293.9023,55.4807,64.7616,168.1043
291.1466,54.7931,65.4786,170.1931
291.4057,52.5232,66.0908,168.8670
292.2596,51.8404,65.5382,169.1772
291.6760,51.8270,65.3581,167.0370
295.4847,55.9278,64.0677,169.1693
289.4127,55.4737,64.9330,172.5924
282.3383,53.5035,65.9445,175.0717
285.4289,50.7314,66.4012,174.3929
280.9721,48.7965,66.2184,173.4717
289.6621,47.2595,63.8214,172.1767
291.9893,52.4023,65.3605,168.9199
286.3047,57.5704,67.3063,168.8708
285.2438,53.4209,67.5733,171.1087
280.1175,57.7849,70.2299,169.2065
282.5056,52.0488,70.4558,171.6431
283.8936,48.2700,71.4032,169.3903
283.6936,52.2550,72.6096,170.3575
278.5941,56.4377,72.3662,172.2926
282.8172,53.7232,72.7982,177.4945
277.5007,53.9482,70.8544,180.5416
281.5113,48.4398,72.9783,181.2612
287.0681,44.7473,71.7467,178.2512
286.1149,48.5242,71.1657,177.9585
282.8150,47.7954,74.5825,175.8315
285.4313,48.7919,75.3626,177.9225
280.1261,48.3852,75.4993,179.1711
281.7357,48.0538,77.0447,180.8582
284.5820,46.5370,77.3960,180.2782
286.1655,41.2717,77.7302,178.5986
280.8102,47.6444,79.9140,177.3204
275.7169,47.8652,79.8454,179.7440
271.4251,52.4768,79.3676,180.5490
279.1636,50.2867,78.1747,181.5583
274.5405,48.8142,77.2236,182.8225
284.9214,45.4600,77.9068,180.1949
282.2732,51.3137,80.1172,177.1304
278.2201,51.4618,82.6754,177.4717
277.9286,59.2829,82.1777,177.6765
276.4875,62.3633,84.0525,177.3593
276.2618,57.4840,85.1202,178.0600
279.4795,48.7145,81.5889,180.2204
288.0923,46.0160,84.1505,178.6326
275.9861,56.9227,86.1865,178.4893
269.7024,51.7858,84.9970,180.3205
263.8329,51.4135,84.3949,183.6668
274.7560,46.8045,83.9646,185.4563
279.0065,53.3101,84.7990,185.8020
289.7778,41.2751,81.3124,188.0280
286.5193,46.6001,79.9982,186.8449
296.5435,47.0378,79.6647,186.8796
293.8686,56.0807,80.7385,185.6123
303.4320,44.6591,79.5856,190.5280
302.0940,51.7053,80.2090,187.9397
303.7902,54.8666,81.8538,185.2248
305.4186,54.0608,82.7005,185.8445
305.6583,59.3026,83.2342,184.0469
305.8884,61.7686,84.6414,182.5574
307.3404,61.5127,85.5942,181.9899
308.6943,60.0570,86.3694,181.9344
310.9504,61.2062,86.8426,181.1944
312.6622,61.7380,87.5884,181.0023
315.1947,65.3894,88.6271,179.1061
306.0522,67.7900,90.3809,176.9784
302.9689,70.3078,92.1640,173.3572
303.0022,70.2400,91.6987,172.3886
302.7848,68.0725,91.1733,172.8474
303.0573,64.8901,89.5664,174.7247
316.1805,51.3991,89.0263,174.8009
303.9824,68.7317,91.2287,174.0818
293.7387,70.5517,90.8478,173.6554
299.6306,68.2248,91.1656,173.9987
300.7157,67.4274,91.9262,174.2248
289.4747,68.2303,91.0166,174.2679
280.9277,53.9617,88.2820,178.7996
284.8916,59.0807,86.5652,180.9040
298.8859,65.6040,88.9363,178.4428
295.2159,67.1228,90.1890,176.9575
281.4131,67.9010,92.4288,175.4983
296.3856,60.5911,93.1637,176.4246
292.1597,63.9558,94.5509,176.3490
293.3139,59.2620,94.8390,176.4957
295.6704,63.8102,95.0988,176.3579
285.6020,60.6162,94.1344,176.9879
278.3323,56.6515,92.8110,178.5772
282.9212,58.3938,91.3307,180.8755
273.0109,57.3097,89.2302,182.8204
273.8666,53.2985,87.2895,185.7145
275.1069,59.2829,85.3452,184.4049
275.1318,63.7578,85.8270,182.5873
305.2346,62.9053,89.6754,180.1266
302.0123,66.6252,91.9165,178.3611
300.5854,63.7905,92.4399,178.3982
304.1801,61.1066,91.1999,178.2234
316.2614,56.9457,91.2756,178.0882
324.4564,67.6560,90.7516,177.1599
328.6537,72.7847,90.8831,176.8701
281.7592,63.6232,89.2686,177.7997
282.1404,55.1800,88.5582,178.3040
269.4514,56.3968,86.5372,179.4542
269.4614,56.2239,83.9948,180.7745
273.3878,55.0524,81.3532,182.1989
272.4490,60.9238,80.5894,181.7433
313.5075,73.6902,84.7599,174.9798
308.6694,72.3100,87.9635,170.4211
294.0200,78.8822,92.9620,164.4714
296.5617,77.4977,94.3247,161.8789
308.1127,71.8541,91.5721,163.4357
312.1828,74.8882,90.2696,162.5336
313.6623,82.1834,92.4819,159.5235
303.3840,81.5585,92.0715,159.3873
307.9495,83.9358,92.6254,158.5031
300.3565,81.9568,91.9021,158.2263
301.3855,79.9188,88.7640,158.8173
299.9475,81.9739,87.3516,159.1150
297.5261,88.7553,87.4207,157.1236
299.4868,97.9348,89.9088,153.3539
287.3530,101.2260,91.8973,150.6918
269.1292,95.4017,91.8738,148.5296
218.0877,79.2441,89.8086,151.7833
225.1474,95.5015,93.5636,148.4678
227.2188,101.2701,95.9436,143.6655
204.8622,95.5442,93.7805,143.6327
197.5986,86.3059,86.5410,149.2717
204.3428,81.5705,79.4067,155.1012
223.5163,87.1485,79.8890,154.9721
230.4120,81.6012,79.2690,156.1122
250.9023,86.8969,78.8865,155.6163
281.2353,104.7144,86.8014,143.9881
272.3741,106.1328,88.3561,138.0067
281.9334,106.9429,87.1985,135.6990
280.9688,106.8555,86.9021,134.2013
274.8961,109.2685,89.3319,132.8809
278.6507,109.9927,90.2757,132.0133
272.4666,111.2950,88.9205,130.3081
268.3041,115.7809,86.7461,127.5276
269.4982,119.8721,87.2884,123.0059
264.5793,118.0210,82.3808,122.7987
268.0815,121.7487,79.4154,120.6359
271.6093,118.8886,78.6052,121.2213
277.8515,120.9495,73.1424,121.1596
282.0743,122.0949,73.8830,114.6083
283.3186,120.4252,71.1009,116.5557
290.0503,121.9560,69.9190,115.9763
294.3132,122.2106,72.4711,116.3271
296.0489,118.0433,75.0594,116.8919
300.9134,118.5593,75.4504,117.9127
308.0972,119.5802,70.8411,118.1482
307.9404,116.1287,65.4300,121.6630
310.8362,114.3393,61.6488,117.9121
314.9069,118.3416,60.8092,117.3688
320.1610,123.8481,62.8527,116.3523
322.3159,124.1547,64.4509,114.4578
322.7169,123.3417,63.7587,114.0861
320.5175,122.1094,59.4653,113.9230
322.4130,123.4786,54.8373,114.2978
320.5011,122.5534,55.4881,113.0801
314.8958,130.5450,61.3666,109.3561
308.1680,127.5561,66.4206,109.6476
310.6855,129.2349,71.0358,108.4793
309.1763,131.3114,69.6211,106.7833
307.9692,134.0914,68.9322,105.1231
302.5656,131.0373,65.3894,106.5620
292.3799,130.0520,60.0349,107.0986
291.4385,129.3596,58.9028,106.4966
285.4290,130.5783,60.1887,106.0461
287.0621,131.2304,62.8321,103.6352
281.1899,133.3126,61.6695,101.9479
282.5771,133.2486,59.9246,102.0581
279.5405,135.1724,56.9237,102.5966
272.3950,136.8626,57.2677,102.0335
271.6384,138.2825,60.7765,99.5507
272.6079,137.5218,62.4327,96.7222
279.0042,141.7161,62.5372,94.0499
280.3882,143.3804,60.2744,92.2004
278.3359,142.2345,52.9141,92.7839
280.5380,145.2683,45.8557,92.6878
281.4394,145.6086,42.6472,91.5755
283.8657,145.8365,42.8250,89.9962
286.7583,145.7878,44.4380,89.8935
290.3407,148.3592,46.9931,87.0690
293.0555,149.3654,48.4895,83.0911
292.5018,153.2695,45.0334,82.0393
291.9033,156.5468,40.6392,81.1123
295.8454,157.6753,37.8223,80.5100
298.0500,158.2579,37.9280,79.4233
300.0537,158.1511,38.2991,77.9044
302.2028,158.6483,38.9236,76.0249
302.9135,161.4013,37.9302,74.2072
303.6798,163.4522,34.3775,72.9397
305.0055,165.0152,31.5391,71.7539
306.4313,164.1479,29.8053,70.9149
307.4907,165.6155,30.3236,69.8135
306.7542,165.9539,31.5143,68.5175
305.4275,166.1749,32.0628,66.7129
304.0562,167.8901,30.2970,66.1490
301.5965,170.5749,28.3770,66.1465
300.1897,171.2654,27.0495,65.2212
297.5345,171.2525,26.9413,63.5841
296.7198,172.3087,26.6091,61.7635
295.2532,172.9072,25.4542,60.4813
294.6228,173.0873,24.3461,59.9130
292.8866,174.3584,23.8888,58.2500
293.2733,177.0374,23.0223,55.8803
293.9279,176.5457,22.3848,54.4924
294.1667,176.0219,22.4368,53.0090
294.1596,175.3264,22.1952,52.3565
293.9403,174.7456,22.0917,51.9260
295.9281,173.5710,21.6389,51.8701
296.7975,173.8870,21.4331,50.3821
296.4952,175.4665,21.8098,48.2214
296.4224,174.5869,21.0704,47.5314
297.2315,173.5746,20.1990,46.6158
298.1217,175.3416,19.0634,45.6573
298.0600,176.6235,18.8608,44.3824
297.7068,174.4300,19.0662,43.5527
297.0937,174.5138,19.5999,41.7628
296.4126,170.9684,18.8467,42.4590
297.3430,172.6594,18.8335,42.2880
297.2706,170.3549,18.9583,42.3062
297.0205,167.8707,19.3054,42.4574
297.7591,166.5841,20.0984,41.1121
296.4955,167.6691,19.9677,40.9274
296.3287,165.7756,19.4752,40.7810
295.8449,166.4724,20.0038,39.3098
295.7039,165.3123,19.6229,38.2678
293.4254,163.2184,18.6556,38.2391
292.9451,165.2060,18.0656,37.3386
293.2510,165.1315,17.8575,35.9230
292.5215,165.9223,17.4139,35.1884
291.6864,165.3151,17.0023,35.2138
290.9898,164.1256,16.6111,35.7649
288.0795,163.1349,16.1255,36.8108
287.5304,164.4848,15.6284,37.3836
286.5754,164.1366,15.3412,37.5757
283.3303,165.3995,15.0766,37.2999
281.7183,164.5380,15.2136,36.6828
279.7955,164.4281,15.3115,36.5079
278.1437,163.3716,15.3021,36.5334
275.5823,162.4726,15.1179,37.8059
274.3433,162.3148,14.6182,38.0822
271.9747,163.3101,13.9634,38.8528
270.0839,163.7878,13.6400,39.1410
268.1034,163.4229,13.5045,39.4238
265.8528,164.1351,13.8584,38.7309
265.9302,164.0593,14.8619,37.8307
264.9004,164.2345,15.3458,37.4190
261.6216,165.2227,15.5642,36.9235
259.1329,165.3811,15.5752,36.1071
257.4616,167.4325,15.2121,35.6933
255.3943,167.3066,15.3604,35.6520
254.2794,166.1506,15.6385,36.0228
251.7088,167.8976,16.1213,34.7315
249.6273,166.8129,16.6780,34.8955
247.1983,165.8870,16.8983,35.5169
245.3477,166.3208,15.8806,35.4149
243.4888,165.5580,14.9326,34.9132
241.3823,165.7958,13.8493,34.3890
241.0986,166.4418,13.1787,33.9722
239.0442,166.4068,13.2590,35.0595
237.0083,166.0220,13.4851,35.1534
234.3823,165.3587,13.2433,35.6531
232.0638,165.4548,13.1698,35.6768
228.9150,165.7557,13.4153,35.4319
226.5460,166.9292,13.5909,34.4996
225.7650,166.7364,14.1844,33.5027
224.3743,168.8204,14.1346,33.0369
220.8191,167.5096,14.5084,33.0482
217.1564,167.4256,14.7557,32.9447
215.4782,169.0301,14.7887,32.7595
213.0052,168.5051,13.9438,32.9347
211.5063,169.8297,13.1986,32.8951
208.0388,168.6825,12.9196,31.9471
207.1726,169.8714,13.1821,30.5570
205.7222,169.5065,13.6342,29.6533
202.7382,170.3707,14.2545,29.0690
201.5901,170.6187,14.9496,28.1468
198.5601,170.3861,15.1560,27.6413
195.6238,170.8729,14.3884,27.8095
193.9107,171.1986,13.8331,28.1212
192.0370,170.6934,13.7229,28.7437
190.4970,169.6535,14.1137,29.1526
188.7759,169.3535,14.4427,29.4125
187.1296,170.2044,14.8232,29.7162
185.2463,169.3867,14.9216,29.9693
183.3160,170.2078,15.0046,29.8565
181.2123,170.3755,15.2618,29.5262
179.5455,170.0259,14.8056,29.8382
177.5345,170.5384,14.9193,29.6591
176.8748,169.7848,14.5513,29.4849
175.9492,169.8097,14.5322,29.2741
173.8378,170.4148,15.4313,29.2018
172.0772,170.6835,16.5619,28.7229
170.7108,170.3748,17.3311,28.4306
169.5514,170.5072,17.7521,28.1860
168.4073,171.1949,17.1341,28.0658
168.1673,168.4185,15.4318,29.7763
168.3778,166.9781,14.1346,31.1971
168.9182,168.0286,13.2904,31.4526
168.4257,169.3277,13.0049,30.9269
168.0742,169.8415,13.0450,30.4969
166.9739,169.8356,13.2659,30.1507
166.1495,171.0299,13.5124,29.5837
165.2923,169.9330,13.8529,29.6854
164.4597,171.4180,14.5011,29.2153
164.0475,170.2574,14.7416,29.4561
163.8963,169.7973,15.1009,29.9108
163.9255,169.0846,15.5380,30.1378
163.0982,169.5061,16.0339,30.3109
162.3876,169.0473,16.7408,30.4042
162.0595,168.4908,17.3072,30.3963
161.7023,168.4561,17.6570,30.4368
162.2103,168.6407,17.5872,30.7903
162.7444,167.8913,17.3596,31.0385
163.5846,168.0854,17.0350,31.3977
164.4089,167.8801,16.3319,31.9820
164.8927,168.5412,15.6226,32.4111
164.9801,167.5010,15.0989,32.8477
165.2186,167.3680,15.0881,33.3667
166.4921,167.0627,14.8168,33.3121
166.6018,167.6064,14.7744,33.1182
167.2266,168.0524,14.9262,32.6967
167.0938,168.4703,15.0560,32.1550
166.5310,168.1121,15.1067,32.1515
166.5966,168.4253,15.1580,32.3140
166.1571,168.4967,15.3634,32.2074
166.5742,168.0247,15.4799,32.3842
166.8664,167.7587,15.3934,32.8069
166.4200,168.5666,15.3735,32.6794
166.4073,168.0419,15.2741,32.7542
166.4259,168.7198,15.2684,32.8289
166.5320,168.3756,15.4232,32.5545
166.5588,167.5585,15.1741,32.6861
166.5577,168.6504,15.1329,32.4539
166.6557,168.9133,15.0771,32.0436
167.1106,168.5628,14.7802,31.6995
167.2704,167.9680,14.3222,31.8367
167.7655,167.7206,14.1483,31.7444
167.8959,168.4876,14.2303,31.5810
167.2073,168.3448,14.3269,31.6127
166.8294,168.9346,14.6623,31.3291
165.9756,169.1060,15.4324,30.6135
164.9773,171.0190,16.0411,29.9064
165.1077,171.4597,16.5387,29.0224
165.3563,171.3421,16.7852,28.7099
163.7391,172.0318,16.8931,28.1334
164.0844,172.3393,16.7878,27.7923
167.4923,172.3957,15.9251,27.9070
168.3046,173.2653,15.3953,27.7003
169.0371,172.4976,14.6210,27.6410
170.4445,172.3433,14.1325,27.8831
171.5720,172.5773,14.6437,27.7461
174.4522,171.9808,14.9417,27.7980
174.3566,172.2464,15.1827,27.5702
175.1976,172.2111,14.9449,27.3108
178.5474,173.1782,15.4199,26.9819
178.9716,173.6377,15.6400,26.8663
180.0881,173.0390,15.4730,27.0448
181.6929,172.6861,15.3808,27.3657
184.7269,172.6536,14.9893,27.2798
186.1599,170.9693,14.8710,27.5091
188.2148,171.4055,14.8333,27.9541
190.1416,171.5521,13.8255,28.7024
191.8609,171.7769,13.2774,29.2119
193.8547,171.1947,13.0706,29.1175
195.0053,170.7623,13.8190,29.0237
196.7952,170.8644,14.4640,28.9546
199.2961,169.9907,14.8283,28.8776
202.4068,170.4305,14.9915,29.0438
204.7383,169.7938,15.0144,29.4797
206.1689,170.0273,14.8588,29.8201
208.2389,170.5868,14.7968,30.8500
209.3227,168.1492,14.6437,30.9031
211.0670,168.8110,14.2666,30.6952
212.8218,168.9853,13.8772,31.0132
217.0825,169.0562,13.2878,31.7796
220.8485,166.4613,12.4762,33.3389
222.2423,166.1539,12.0620,33.8375
223.5857,164.4347,12.6381,34.0178
227.3709,165.1724,12.8586,33.7640
231.3159,167.0956,12.3814,33.8085
232.7662,167.5690,12.5274,34.1683
236.5177,167.1768,12.1309,34.9286
239.7378,166.4978,11.8647,35.7200
242.1559,166.2520,12.2493,35.3631
243.2553,166.6308,12.0919,34.5698
246.4532,167.0953,12.1909,33.7681
247.8968,168.6372,11.8747,32.4680
252.0403,168.5215,11.6017,32.3162
255.5804,167.8208,11.5799,31.8423
258.5218,166.6840,12.0220,32.0658
260.8329,167.6372,12.4847,31.8131
261.8474,166.4058,12.8907,32.8656
264.7260,166.8216,12.9182,33.7473
268.3236,164.5398,12.8868,33.3571
272.6620,165.8851,12.5950,32.8070
274.1936,165.8421,12.5017,32.3121
275.8315,165.9852,13.0330,32.1238
279.8884,166.6255,13.6649,33.0505
283.3571,166.0824,14.0835,32.9753
287.5866,166.3904,13.6979,33.1196
291.2295,167.4785,12.7763,33.9938
294.9950,164.8516,12.1951,36.0562
298.4782,162.7799,11.7899,38.2535
300.2976,161.9520,12.2738,39.0973
303.9181,161.0275,12.5894,40.3018
307.5195,159.5358,13.2159,41.5687
309.9661,162.8335,13.6442,40.9910
310.5557,162.1022,14.1379,40.8102
317.9668,163.2383,14.7970,39.7037
321.8609,163.0569,15.2816,39.0905
321.4831,163.4559,16.3991,37.8420
325.4874,166.5142,17.2294,36.8316
330.0583,163.7463,17.5725,36.7884
332.0158,165.3802,18.3674,36.0198
335.8129,167.7455,18.1888,35.1520
336.9140,167.4702,18.2729,35.1691
339.3793,167.1916,18.2879,35.4145
344.9661,167.7506,18.6172,35.4657
346.5432,168.8957,19.7568,34.7029
349.2224,168.6763,20.1185,34.6525
351.6430,167.4868,20.4694,34.4262
351.3975,167.2964,21.9199,33.3996
355.0225,168.8184,22.2881,33.5632
355.6521,167.6727,22.6953,33.1836
357.1695,167.9387,22.5464,32.8322
359.3179,169.8067,22.1677,31.8455
360.5774,170.3076,21.8620,32.1230
361.6718,172.2287,21.6948,31.4979
364.2091,172.3098,21.2147,31.1249
363.9501,171.2057,21.1105,30.7334
366.5224,170.3666,19.6248,31.6032
367.0570,168.4164,17.9697,32.2375
367.5503,168.4957,16.6025,32.5233
368.4188,167.5944,15.9825,33.1847
369.2716,168.1114,15.5359,32.9628
369.1342,168.2061,15.4901,32.4004
369.0511,168.0837,15.6971,31.7856
369.5010,168.1018,15.8841,31.3412
368.8544,166.9472,15.7353,31.8574
368.7419,166.5990,15.3019,32.3632
367.8712,166.3157,14.9208,32.7951
