1
1102.6580,611.0097,40.2208,50.3615
1099.1798,610.6031,41.5294,48.5337
1062.0168,613.0611,43.5440,49.0467
1065.1355,617.8727,44.8626,49.8378
2
0
0
0
0
1
883.5175,604.2589,58.0855,39.8079
866.0551,594.5916,55.3429,48.0537
854.6961,588.5711,55.7566,49.1316
841.5629,577.6030,56.8761,50.9778
834.9856,566.2881,56.9973,51.7759
824.8595,562.7263,56.8668,50.4406
818.6695,559.2078,54.5718,53.1709
813.8775,556.2697,55.9460,53.7684
803.3214,555.3607,56.0619,54.3279
793.8689,554.5378,55.4770,54.9799
786.3110,551.6262,57.4234,53.4177
781.5858,556.3944,60.4119,49.9052
781.2788,558.0292,62.3202,46.4980
782.5656,560.8845,65.1991,42.7081
784.5937,563.3663,68.2316,37.2534
784.3264,564.6517,67.9073,33.9083
785.2995,553.6479,61.2765,35.5584
794.1532,542.7571,57.1167,36.7160
798.8909,528.7058,53.1076,38.5498
796.5938,517.8171,50.2961,43.7532
797.9456,507.8695,47.8561,50.8866
798.4573,493.8867,46.8915,51.9904
797.5228,488.7586,45.5816,51.2629
791.6232,486.0115,45.0161,49.9582
784.5746,485.2338,45.7130,47.8883
775.9840,484.0477,47.1736,44.5353
767.3022,486.4396,47.8326,40.3361
756.7626,484.2119,47.9232,37.8444
742.5782,482.7773,49.2491,34.7186
730.3942,477.2667,49.5031,31.7579
711.4523,474.6423,49.9002,30.6908
695.0916,468.3048,50.6429,30.7018
676.1559,465.6152,50.2413,30.8088
653.9844,461.6678,49.3892,30.5816
635.2710,458.8588,49.7205,30.4588
606.8577,456.5078,49.1292,29.0667
584.2603,452.4084,48.6401,28.8292
561.3162,448.8521,48.6321,29.3743
533.1245,445.4190,48.7434,29.6060
505.3557,441.1697,48.8574,30.4998
472.6969,439.2895,48.9670,30.4601
439.6673,438.1337,48.8784,30.5408
406.7936,435.9851,48.6364,31.0657
373.0209,435.4758,48.3948,30.5633
340.2050,433.9788,47.9311,31.6017
2
0
0
0
0
1
32.9812,450.5141,41.4500,26.3366
