1
150.9319,63.1719,43.1286,57.8795
150.2235,62.5044,42.1023,57.9404
150.3124,63.5162,42.2414,56.8828
149.4346,63.5900,41.3428,57.1052
149.8067,63.2842,40.9265,56.8681
148.4512,62.8123,40.9527,56.6451
150.0623,61.9635,41.0102,56.2217
148.6878,60.1455,41.8262,56.0868
150.2802,59.3055,42.2338,55.4156
152.2563,57.7059,42.8078,55.0565
153.8147,56.2470,43.7597,54.3396
156.7105,55.8137,43.9627,53.2238
159.6059,52.9010,43.2223,54.0527
163.1704,48.6999,41.9973,55.3858
166.1067,46.5001,40.5884,56.8691
168.8435,45.4281,39.6237,57.6646
172.5349,46.8326,38.6645,58.0652
177.7231,49.6463,38.3404,58.1728
182.5890,52.9290,40.2007,56.4515
186.2439,57.5984,42.7135,56.1167
189.1324,62.2758,47.0374,53.3426
194.2955,65.3835,48.4057,53.3322
200.6487,67.4266,48.1583,54.1188
204.9500,68.1615,47.9090,55.8171
210.9076,68.2783,48.1778,56.7840
215.3754,68.0415,48.0629,58.1908
219.1977,72.8095,48.1079,57.7889
218.8934,78.2271,49.7178,55.4121
219.5694,81.3513,50.7692,54.0731
222.2133,83.8435,52.0094,53.8760
223.2369,87.9214,52.8563,53.5987
223.3061,91.6595,53.5662,52.9413
221.3590,96.1263,54.2832,51.5361
219.2087,101.0831,54.6915,49.1387
214.8311,102.5315,54.1566,46.5171
209.4915,103.1230,55.2834,44.7458
200.6577,98.2934,54.3045,45.7730
191.0714,89.9221,54.3046,45.8682
180.5645,83.3620,54.9993,46.2491
175.9331,83.3292,55.2899,47.5736
171.2284,78.1387,54.9495,50.0550
163.4841,72.9678,55.9671,52.6441
154.9836,64.9785,57.3340,53.9807
153.3305,62.6024,57.2956,54.6612
133.2391,56.4893,56.3935,52.3969
126.8395,51.5876,55.2396,51.4104
117.5176,47.8532,51.9086,52.9021
111.2328,43.7110,51.2701,51.6747
102.3371,39.0669,48.1694,51.3507
96.7671,37.3431,46.2370,50.0995
89.1925,36.0983,44.1671,48.8129
83.0627,35.2395,43.1689,47.4607
78.0543,36.5012,41.8756,45.6453
73.5183,36.9347,40.8794,45.1183
68.3727,39.5005,40.2647,44.8833
64.9587,38.6037,39.4579,46.5808
61.0737,37.7535,38.7434,48.8425
56.1300,38.6323,39.1293,50.3898
51.8310,41.3776,38.8281,52.8537
48.3951,45.0937,39.0477,54.9904
46.9349,47.4871,41.2325,56.0640
48.2954,47.4980,42.7670,55.1293
54.5999,49.1337,42.4818,53.3692
68.2004,52.9619,41.4297,51.9149
92.9112,61.5810,39.1622,52.9273
111.7909,62.8517,40.3423,52.5338
131.5928,69.8190,38.6493,55.8417
142.5806,65.1674,40.8318,52.6328
157.3562,69.0354,39.7327,52.0615
167.3251,72.0808,41.1646,53.5068
175.5819,75.4345,43.6767,52.9678
181.5377,88.1992,44.7412,54.7300
191.7118,82.9715,45.5576,55.0147
197.9339,86.9528,47.1073,54.5104
205.3046,84.4675,45.9239,56.0766
206.5512,81.8353,45.5018,57.3140
206.0847,80.2712,44.4843,58.6732
200.5812,80.9462,46.3494,58.3348
196.7416,80.8856,49.1912,57.8663
195.3749,80.8647,50.8696,56.7514
194.6522,84.4273,52.0120,56.3677
189.9935,86.9397,50.5419,61.0271
185.9919,84.3786,50.2462,65.4132
176.6788,78.7809,50.8205,68.7000
166.8965,69.0997,52.6026,66.7521
158.1559,65.1053,55.1127,63.5893
140.2215,56.7521,56.7814,61.6767
133.0572,51.1241,56.6414,61.7244
123.0963,46.7608,57.0026,61.9225
112.0097,42.3247,57.3455,62.1775
105.0357,36.8243,53.9852,66.0238
101.3499,33.8889,51.0925,67.9569
102.9870,32.5445,49.1894,67.7951
105.7807,32.6769,47.7307,67.4663
113.5946,35.5950,46.2270,66.3688
121.2385,38.9588,45.4013,64.8819
135.0484,43.6434,45.2412,63.1379
146.8248,55.2769,47.8647,58.3892
160.6689,60.0530,46.6800,57.9077
170.4597,64.5669,46.9869,56.8832
182.2712,70.6605,47.0377,56.2557
187.4949,77.7144,47.5085,54.7948
203.3410,73.6626,46.1733,53.3174
212.4615,77.5025,45.1587,53.2531
215.5914,82.7912,46.6852,50.6096
218.2641,86.4614,46.6989,48.7636
224.7673,97.9283,45.9886,46.3431
226.4191,100.8986,44.9820,45.4285
229.5477,102.3830,43.9573,44.5715
232.3292,103.4159,43.0305,44.3190
233.9943,105.4548,42.9239,43.1881
234.6069,109.6879,41.3994,42.8716
232.3287,114.9371,42.6302,41.2611
230.8001,120.7820,43.8962,38.7135
229.0382,124.3539,43.6875,37.6699
229.8550,125.2144,42.6268,37.1763
228.8492,124.2383,41.4827,36.6661
228.8949,122.2316,40.5226,34.6364
229.4651,116.3373,40.7773,33.2595
228.7169,112.9086,41.5278,33.9806
225.9804,108.2266,40.7626,35.1988
208.1237,98.4480,42.5625,34.2654
195.1370,92.1460,40.8452,36.8338
182.7415,80.5564,42.0329,37.2582
174.8740,74.4195,43.4538,37.3445
165.0192,68.9335,43.3369,38.4067
159.3771,63.9747,42.5366,39.8251
155.7166,58.6523,40.6660,43.5242
147.6489,57.0540,39.1913,47.5049
143.1645,56.8710,38.8133,49.7891
139.6123,59.9279,39.4028,49.1321
120.5997,56.6578,40.4397,50.2382
108.0163,54.1348,40.9027,51.9127
99.8245,53.6732,42.2334,52.0644
95.5780,54.5300,41.5038,53.4679
93.9900,56.8193,41.0467,54.1543
95.6371,59.0791,39.2473,55.4200
102.4540,60.4991,37.8017,54.5442
109.6226,64.7151,36.2477,54.6277
119.2620,68.7372,36.0364,56.1535
129.0061,70.1630,36.1565,56.8981
140.0888,71.3053,39.3434,55.1712
163.7851,91.2729,41.6857,54.2481
180.7809,91.6240,42.8057,55.6179
191.6632,88.0129,43.9635,56.2448
200.5028,92.7903,43.8382,58.1440
213.9355,103.5701,48.5025,54.5383
219.0297,108.6832,49.2070,51.0021
215.8886,112.8725,49.9883,49.2030
217.3844,117.3987,50.4183,47.7986
215.8767,118.4325,51.9762,45.6279
223.5266,119.3048,50.3927,44.6356
227.6993,121.0031,49.4676,43.4725
232.2809,122.9011,49.0812,42.1469
236.3884,124.8375,50.7712,40.5891
234.6586,126.3037,52.4928,39.6079
235.5123,125.6455,54.1714,39.2068
231.5212,122.5779,54.5932,39.2716
225.3592,118.1469,53.7857,39.7276
211.7791,106.5647,54.2776,41.9182
194.8139,94.2064,50.8183,48.5025
192.3767,96.8614,49.9962,52.3947
189.4886,89.3380,48.8268,56.0118
186.7454,76.4247,48.3504,60.8302
182.9961,68.9879,49.6850,60.8125
166.2894,56.2440,48.3790,59.4806
163.0739,51.9842,48.2103,58.0513
164.0170,46.8879,48.8822,56.5785
166.1995,45.3398,49.6867,56.4404
171.3580,43.2711,49.7363,57.1591
179.7445,41.9984,47.2440,59.2970
188.3980,42.3772,46.0681,59.7624
195.7779,47.0247,46.6346,60.5652
202.1841,51.2760,47.8830,57.4309
215.1863,53.5128,49.3389,52.5194
226.8624,58.2263,48.1689,48.5547
230.6937,63.1690,49.0590,45.1283
233.6016,69.9605,50.5463,41.9392
234.3709,73.3496,51.7248,40.0629
234.5010,73.6474,51.9548,38.9096
232.9885,72.5874,51.7235,38.5277
232.3614,69.6489,49.5938,39.5300
229.2462,66.2448,47.6796,40.4348
227.5764,62.5825,45.3469,41.2701
224.7414,59.4013,44.7417,40.2439
220.3680,56.9379,42.4630,40.4269
214.7332,54.6334,41.5296,39.9966
210.5189,53.3125,39.7728,41.2850
200.1096,49.0682,39.6410,40.5808
190.4743,47.6868,38.3965,42.0410
179.3819,45.0759,37.9303,42.9451
166.6525,44.7199,38.4124,42.1946
154.1918,44.0184,39.4013,40.8980
143.0350,44.1157,39.8352,39.6484
133.3696,44.0161,38.2474,40.6329
123.8826,42.1395,36.9178,40.9669
114.9522,41.2484,35.4616,40.6972
106.1132,40.4989,33.7603,41.1834
97.0348,40.2099,33.0196,40.2614
86.7899,39.8043,32.7173,39.2841
77.7904,40.0056,32.4085,39.0477
72.5953,39.3872,32.2956,38.6045
67.5605,41.7754,32.5969,37.3929
63.6433,44.4599,32.9667,37.0416
61.6465,48.2426,32.9167,37.4980
61.3355,54.5967,33.1342,37.7884
66.6197,62.4980,33.4431,38.5320
70.9116,71.0208,33.8893,38.8340
77.3920,80.8016,34.6620,38.2568
85.2200,91.4567,36.0613,37.5603
87.3241,100.4794,37.2068,39.2080
94.2705,106.4868,35.6965,41.3962
100.8858,113.6701,34.7114,42.4209
103.6231,119.2358,33.3372,44.7160
102.5992,129.5915,33.7463,45.7059
100.1166,134.3428,36.4771,46.0459
98.6764,129.5141,37.5230,49.2754
96.9208,124.4493,38.0579,52.6976
97.6092,119.8779,38.9803,56.1171
98.4026,116.3749,38.5426,59.2356
102.6939,114.2677,38.1442,61.4212
105.9883,113.0696,37.7959,62.9274
110.2203,113.4525,36.7559,64.4517
113.1018,114.1366,36.1165,67.1155
115.6060,113.9478,35.8907,68.6988
115.6193,116.9274,36.4626,67.9698
118.2896,114.6390,36.3280,68.5409
119.8695,111.4916,37.2054,69.8272
118.7670,109.1019,39.6418,68.5980
117.9222,106.2887,41.7113,67.3466
119.6695,104.2628,44.1703,65.2630
119.6153,102.0432,45.3198,63.4934
120.6931,101.5128,46.2317,62.4584
123.9979,97.1940,45.6800,62.4159
126.8979,95.5262,44.7863,62.4205
128.6763,92.2910,44.9199,62.1478
132.0693,91.6952,43.2712,62.0089
136.7621,91.1059,43.9581,60.1863
139.8010,86.4317,43.8790,61.0579
145.5912,87.5045,45.2525,59.4857
149.2957,86.4734,46.0934,59.1238
153.5929,83.0053,45.9164,60.0409
157.5408,79.9682,46.1849,61.2378
158.4815,78.0980,45.5144,63.0165
158.9133,74.1343,44.6520,65.0333
158.4569,73.0879,43.6985,66.2576
156.4396,69.8827,42.3856,67.7999
152.0827,68.1352,41.1530,69.7871
145.6346,66.6057,41.9269,70.5976
138.0420,66.6957,45.7459,69.0632
128.2161,66.8175,48.9169,66.2262
119.1406,67.2822,49.2385,64.6798
112.7779,67.0107,47.5110,64.3815
106.9836,67.7482,47.0345,62.1711
101.4314,67.8687,47.3015,59.5500
98.1145,69.2244,48.5335,57.4784
97.5560,68.7753,48.3422,56.6586
97.5856,69.6037,47.5588,56.2609
100.7386,69.6890,46.8093,56.1189
102.1717,69.7915,46.2035,56.0459
105.1817,69.7712,45.8861,55.7167
106.2298,70.4988,45.1825,56.1214
108.1687,69.7504,44.9325,56.4892
109.2118,70.2318,44.9883,56.5988
109.7451,68.9042,44.6201,57.1868
110.1567,69.7398,44.8013,57.3367
